1695672410746 48.375 364000
1695672434652 49.517647058823535 368000
1695672460159 50.28055555555555 372000
1695672484859 50.42 376000
1695672510159 49.8 380000
1695672535500 49.872972972972974 384000
1695672561430 50.081081081081074 388000
1695672587173 50.072222222222216 392000
1695672613148 49.729729729729726 396000
1695672638775 50.01351351351352 400000
1695672664307 50.28333333333333 404000
1695672689761 50.083783783783794 408000
1695672716169 49.86216216216216 412000
1695672741016 49.43055555555555 416000
1695672764791 49.72121212121212 420000
1695672788741 49.642857142857146 424000
1695672812698 49.6 428000
1695672836737 49.61764705882353 432000
1695672860553 49.64411764705882 436000
1695672884345 49.47352941176471 440000
1695672908396 49.71764705882352 444000
1695672932482 49.42285714285714 448000
1695672956291 49.85757575757576 452000
1695672980216 49.62857142857142 456000
1695673004191 49.85 460000
1695673027723 49.71515151515151 464000
1695673052133 49.67428571428571 468000
1695673078185 49.74864864864865 472000
1695673103093 49.61388888888889 476000
1695673127969 49.485714285714295 480000
1695673152869 49.36666666666666 484000
1695673177693 49.488571428571426 488000
1695673202420 49.45428571428571 492000
1695673229126 49.57631578947368 496000
1695673257715 49.86829268292683 500000
1695673285292 49.699999999999996 504000
1695673312405 49.782051282051285 508000
1695673340420 49.605000000000004 512000
1695673365709 49.77500000000001 516000
1695673391356 49.697297297297304 520000
1695673415932 49.74857142857144 524000
1695673440108 49.86470588235295 528000
1695673464163 49.36857142857143 532000
1695673488174 49.91764705882354 536000
1695673512078 50.079411764705874 540000
1695673536219 49.867647058823536 544000
1695673560675 49.888571428571424 548000
1695673585611 49.858333333333334 552000
1695673610186 50.371428571428574 556000
1695673635032 50.7 560000
1695673659688 50.13428571428572 564000
1695673684235 50.008571428571436 568000
1695673708621 50.162857142857135 572000
1695673732861 49.83235294117647 576000
1695673757751 50.088888888888896 580000
1695673782368 50.24857142857143 584000
1695673807515 49.66111111111112 588000
1695673832048 49.817142857142855 592000
1695673856204 49.779411764705884 596000
1695673880523 49.84285714285714 600000
1695673904911 50.517142857142844 604000
1695673929395 50.4 608000
1695673953751 49.83529411764705 612000
1695673978542 49.89722222222222 616000
1695674003084 49.808571428571426 620000
1695674027395 49.579411764705874 624000
1695674051559 49.60571428571428 628000
1695674076397 50.034285714285716 632000
1695674101567 50.125 636000
1695674127690 50.159459459459455 640000
1695674152654 49.81666666666667 644000
1695674178847 52.96216216216216 648000
1695674203232 50.045714285714276 652000
1695674227526 50.09428571428571 656000
1695674253902 50.3054054054054 660000
1695674280071 50.06842105263158 664000
1695674308002 59.12307692307693 668000
1695674339486 67.19777777777777 672000
1695674364690 49.78611111111112 676000
1695674389687 49.81111111111111 680000
1695674416008 50.17567567567568 684000
1695674441544 50.12162162162163 688000
1695674466253 49.817142857142855 692000
1695674490564 50.03142857142856 696000
1695674514893 50.06176470588235 700000
1695674539954 50.08611111111111 704000
1695674564772 50.01714285714286 708000
1695674591002 50.0078947368421 712000
1695674616423 49.78611111111111 716000
1695674640691 49.54 720000
1695674664603 49.673529411764704 724000
1695674689484 49.771428571428565 728000
1695674715329 51.12972972972973 732000
1695674741313 50.71621621621622 736000
1695674765370 50.12352941176471 740000
1695674789572 49.86571428571428 744000
1695674813997 49.84285714285715 748000
1695674838248 49.788235294117655 752000
1695674862729 49.814285714285724 756000
1695674887059 50.440000000000005 760000
1695674912686 49.88108108108108 764000
1695674937788 50.091428571428565 768000
1695674962012 49.75142857142857 772000
1695674986075 50.15588235294118 776000
1695675010434 49.92285714285715 780000
1695675034639 49.97058823529411 784000
1695675058924 49.62857142857143 788000
1695675084004 50.03055555555555 792000
1695675109904 49.754054054054066 796000
1695675135608 52.333333333333336 800000
1695675164994 62.828571428571436 804000
1695675190864 50.54324324324324 808000
1695675216739 50.39999999999999 812000
1695675241486 49.86857142857143 816000
1695675266178 50.01714285714286 820000
1695675290891 49.74999999999999 824000
1695675315120 50.08235294117647 828000
1695675339968 49.64166666666667 832000
1695675364446 49.982352941176465 836000
1695675388719 49.87714285714286 840000
1695675415104 50.089473684210525 844000
1695675440320 49.538888888888884 848000
1695675465754 49.76111111111112 852000
1695675490930 49.71111111111111 856000
1695675516137 49.719444444444456 860000
1695675541869 49.86111111111112 864000
1695675568603 49.5974358974359 868000
1695675595613 50.01052631578948 872000
1695675622765 49.94102564102564 876000
1695675647763 49.85142857142857 880000
1695675672216 49.87428571428571 884000
1695675696703 49.90285714285714 888000
1695675721300 49.462857142857146 892000
1695675745725 49.41142857142857 896000
1695675769874 49.69411764705882 900000
1695675793555 49.65588235294118 904000
1695675817560 50.47352941176471 908000
1695675841517 50.34571428571428 912000
1695675865700 50.194117647058825 916000
