1695672410747 14.488888888888887 364000
1695672434652 14.649999999999997 368000
1695672460160 14.955555555555556 372000
1695672484859 15.142857142857146 376000
1695672510160 15.230555555555554 380000
1695672535500 15.472972972972975 384000
1695672561430 15.591891891891898 388000
1695672587173 15.769444444444439 392000
1695672613148 15.962162162162166 396000
1695672638775 16.278378378378385 400000
1695672664307 16.43333333333333 404000
1695672689762 16.60270270270271 408000
1695672716169 16.73783783783783 412000
1695672741017 16.90277777777778 416000
1695672764791 17.042424242424243 420000
1695672788741 17.17714285714285 424000
1695672812698 17.36176470588235 428000
1695672836737 17.573529411764707 432000
1695672860553 17.785294117647055 436000
1695672884345 17.97058823529412 440000
1695672908396 18.150000000000006 444000
1695672932483 18.334285714285713 448000
1695672956291 18.500000000000004 452000
1695672980216 18.682857142857138 456000
1695673004192 18.88529411764706 460000
1695673027723 19.103030303030305 464000
1695673052133 19.26285714285714 468000
1695673078185 19.381081081081078 472000
1695673103093 18.58055555555556 476000
1695673127970 18.754285714285714 480000
1695673152869 18.9 484000
1695673177693 19.057142857142864 488000
1695673202420 19.27428571428571 492000
1695673229127 19.423684210526318 496000
1695673257715 19.590243902439024 500000
1695673285292 19.8 504000
1695673312405 20.015384615384622 508000
1695673340421 20.2 512000
1695673365710 20.38888888888889 516000
1695673391356 20.556756756756762 520000
1695673415933 20.754285714285714 524000
1695673440109 20.944117647058828 528000
1695673464163 21.014285714285716 532000
1695673488174 21.191176470588236 536000
1695673512078 21.355882352941176 540000
1695673536219 21.52058823529412 544000
1695673560675 21.671428571428564 548000
1695673585611 21.81111111111111 552000
1695673610186 22.091428571428576 556000
1695673635032 22.199999999999992 560000
1695673659688 22.42 564000
1695673684236 22.580000000000005 568000
1695673708621 22.734285714285708 572000
1695673732861 22.888235294117646 576000
1695673757751 23.01944444444445 580000
1695673782368 23.22571428571428 584000
1695673807515 23.433333333333334 588000
1695673832048 23.57428571428572 592000
1695673856204 23.75588235294117 596000
1695673880523 23.822857142857142 600000
1695673904912 24.034285714285716 604000
1695673929396 24.234285714285708 608000
1695673953751 24.394117647058824 612000
1695673978542 24.566666666666674 616000
1695674003085 24.731428571428566 620000
1695674027395 24.908823529411766 624000
1695674051559 25.08857142857143 628000
1695674076397 25.234285714285708 632000
1695674101567 25.394444444444442 636000
1695674127690 25.55405405405406 640000
1695674152655 25.755555555555556 644000
1695674178847 26.270270270270277 648000
1695674203232 26.234285714285708 652000
1695674227526 26.405714285714286 656000
1695674253902 26.627027027027026 660000
1695674280071 26.8 664000
1695674308002 27.579487179487177 668000
1695674339486 31.580000000000002 672000
1695674364690 27.266666666666666 676000
1695674389687 27.391666666666666 680000
1695674416008 27.597297297297295 684000
1695674441544 27.894594594594597 688000
1695674466253 27.80285714285714 692000
1695674490565 28.060000000000002 696000
1695674514894 28.217647058823527 700000
1695674539954 28.38611111111111 704000
1695674564772 28.554285714285715 708000
1695674591002 28.78947368421053 712000
1695674616423 28.799999999999997 716000
1695674640691 28.934285714285714 720000
1695674664603 29.094117647058827 724000
1695674689484 29.279999999999998 728000
1695674715329 29.605405405405406 732000
1695674741314 30.551351351351354 736000
1695674765370 30.258823529411764 740000
1695674789572 30.419999999999995 744000
1695674813997 30.645714285714284 748000
1695674838248 30.823529411764707 752000
1695674862730 30.98571428571428 756000
1695674887059 31.12857142857143 760000
1695674912686 31.28918918918919 764000
1695674937789 31.45142857142857 768000
1695674962012 31.57428571428572 772000
1695674986075 31.749999999999993 776000
1695675010434 31.934285714285714 780000
1695675034639 32.1 784000
1695675058924 32.27714285714286 788000
1695675084004 32.447222222222216 792000
1695675109905 32.60810810810811 796000
1695675135608 32.90833333333333 800000
1695675164995 34.65714285714286 804000
1695675190864 33.329729729729735 808000
1695675216739 33.19189189189189 812000
1695675241486 33.394285714285715 816000
1695675266178 33.574285714285715 820000
1695675290891 33.71944444444444 824000
1695675315120 33.86176470588235 828000
1695675339969 34.08055555555556 832000
1695675364446 34.26470588235295 836000
1695675388719 34.37428571428571 840000
1695675415104 34.573684210526324 844000
1695675440321 34.625 848000
1695675465754 34.780555555555566 852000
1695675490930 34.94722222222222 856000
1695675516138 35.116666666666674 860000
1695675541870 35.283333333333346 864000
1695675568603 35.46153846153845 868000
1695675595613 35.58947368421053 872000
1695675622765 35.841025641025645 876000
1695675647763 36.03142857142858 880000
1695675672216 36.19428571428571 884000
1695675696703 36.35142857142858 888000
1695675721301 36.44285714285714 892000
1695675745725 36.59428571428572 896000
1695675769874 36.782352941176484 900000
1695675793555 36.94411764705882 904000
1695675817560 37.108823529411765 908000
1695675841517 37.2857142857143 912000
1695675865700 37.44411764705882 916000
