1695672410768 0.0 364000
1695672434673 0.0 368000
1695672460181 0.0 372000
1695672484879 0.0 376000
1695672510180 0.0 380000
1695672535522 0.0 384000
1695672561450 0.0 388000
1695672587193 0.0 392000
1695672613168 0.0 396000
1695672638795 0.0 400000
1695672664327 0.0 404000
1695672689780 0.0 408000
1695672716190 0.0 412000
1695672741037 0.0 416000
1695672764811 0.0 420000
1695672788761 0.0 424000
1695672812718 0.0 428000
1695672836756 0.0 432000
1695672860572 0.0 436000
1695672884364 0.0 440000
1695672908416 0.0 444000
1695672932502 0.0 448000
1695672956310 0.0 452000
1695672980236 0.0 456000
1695673004211 0.0 460000
1695673027742 0.0 464000
1695673052153 0.0 468000
1695673078205 0.0 472000
1695673103113 0.0 476000
1695673127990 0.0 480000
1695673152889 0.0 484000
1695673177712 0.0 488000
1695673202441 0.0 492000
1695673229149 0.0 496000
1695673257735 0.0 500000
1695673285312 0.0 504000
1695673312425 0.0 508000
1695673340441 0.0 512000
1695673365729 0.0 516000
1695673391376 0.0 520000
1695673415953 0.0 524000
1695673440129 0.0 528000
1695673464183 0.0 532000
1695673488194 0.0 536000
1695673512098 0.0 540000
1695673536240 0.0 544000
1695673560694 0.0 548000
1695673585631 0.0 552000
1695673610207 0.0 556000
1695673635052 0.0 560000
1695673659708 0.0 564000
1695673684255 0.0 568000
1695673708642 0.0 572000
1695673732881 0.0 576000
1695673757771 0.0 580000
1695673782388 0.0 584000
1695673807536 0.0 588000
1695673832069 0.0 592000
1695673856224 0.0 596000
1695673880543 0.0 600000
1695673904931 0.0 604000
1695673929415 0.0 608000
1695673953772 0.0 612000
1695673978561 0.0 616000
1695674003104 0.0 620000
1695674027415 0.0 624000
1695674051579 0.0 628000
1695674076416 0.0 632000
1695674101587 0.0 636000
1695674127710 0.0 640000
1695674152675 0.0 644000
1695674178868 0.0 648000
1695674203252 0.0 652000
1695674227546 0.0 656000
1695674253923 0.0 660000
1695674280092 0.0 664000
1695674308027 0.0 668000
1695674339506 0.0 672000
1695674364710 0.0 676000
1695674389708 0.0 680000
1695674416028 0.0 684000
1695674441564 0.0 688000
1695674466273 0.0 692000
1695674490585 0.0 696000
1695674514914 0.0 700000
1695674539974 0.0 704000
1695674564792 0.0 708000
1695674591022 0.0 712000
1695674616443 0.0 716000
1695674640711 0.0 720000
1695674664622 0.0 724000
1695674689505 0.0 728000
1695674715350 0.0 732000
1695674741334 0.0 736000
1695674765390 0.0 740000
1695674789592 0.0 744000
1695674814017 0.0 748000
1695674838267 0.0 752000
1695674862749 0.0 756000
1695674887080 0.0 760000
1695674912706 0.0 764000
1695674937809 0.0 768000
1695674962032 0.0 772000
1695674986095 0.0 776000
1695675010454 0.0 780000
1695675034659 0.0 784000
1695675058944 0.0 788000
1695675084024 0.0 792000
1695675109926 0.0 796000
1695675135630 0.0 800000
1695675165015 0.0 804000
1695675190883 0.0 808000
1695675216759 0.0 812000
1695675241506 0.0 816000
1695675266197 0.0 820000
1695675290911 0.0 824000
1695675315140 0.0 828000
1695675339989 0.0 832000
1695675364466 0.0 836000
1695675388739 0.0 840000
1695675415124 0.0 844000
1695675440340 0.0 848000
1695675465773 0.0 852000
1695675490950 0.0 856000
1695675516157 0.0 860000
1695675541889 0.0 864000
1695675568623 0.0 868000
1695675595634 0.0 872000
1695675622785 0.0 876000
1695675647783 0.0 880000
1695675672236 0.0 884000
1695675696723 0.0 888000
1695675721321 0.0 892000
1695675745745 0.0 896000
1695675769894 0.0 900000
1695675793575 0.0 904000
1695675817579 0.0 908000
1695675841537 0.0 912000
1695675865719 0.0 916000
