1695672410769 5.0000000000000016e-05 364000
1695672434674 5.0000000000000016e-05 368000
1695672460182 5.0000000000000016e-05 372000
1695672484880 5.0000000000000016e-05 376000
1695672510180 5.0000000000000016e-05 380000
1695672535522 5.0000000000000016e-05 384000
1695672561451 5.0000000000000016e-05 388000
1695672587193 5.0000000000000016e-05 392000
1695672613169 5.0000000000000016e-05 396000
1695672638796 5.0000000000000016e-05 400000
1695672664328 5.0000000000000016e-05 404000
1695672689781 5.0000000000000016e-05 408000
1695672716190 5.0000000000000016e-05 412000
1695672741038 5.0000000000000016e-05 416000
1695672764811 5.0000000000000016e-05 420000
1695672788762 5.0000000000000016e-05 424000
1695672812718 5.0000000000000016e-05 428000
1695672836757 5.0000000000000016e-05 432000
1695672860573 5.0000000000000016e-05 436000
1695672884364 5.0000000000000016e-05 440000
1695672908417 5.0000000000000016e-05 444000
1695672932503 5.0000000000000016e-05 448000
1695672956311 5.0000000000000016e-05 452000
1695672980237 5.0000000000000016e-05 456000
1695673004212 5.0000000000000016e-05 460000
1695673027743 5.0000000000000016e-05 464000
1695673052154 5.0000000000000016e-05 468000
1695673078206 5.0000000000000016e-05 472000
1695673103113 5.0000000000000016e-05 476000
1695673127991 5.0000000000000016e-05 480000
1695673152890 5.0000000000000016e-05 484000
1695673177712 5.0000000000000016e-05 488000
1695673202442 5.0000000000000016e-05 492000
1695673229149 5.0000000000000016e-05 496000
1695673257736 5.0000000000000016e-05 500000
1695673285313 5.0000000000000016e-05 504000
1695673312426 5.0000000000000016e-05 508000
1695673340441 5.0000000000000016e-05 512000
1695673365730 5.0000000000000016e-05 516000
1695673391377 5.0000000000000016e-05 520000
1695673415953 5.0000000000000016e-05 524000
1695673440129 5.0000000000000016e-05 528000
1695673464183 5.0000000000000016e-05 532000
1695673488194 5.0000000000000016e-05 536000
1695673512099 5.0000000000000016e-05 540000
1695673536240 5.0000000000000016e-05 544000
1695673560695 5.0000000000000016e-05 548000
1695673585632 5.0000000000000016e-05 552000
1695673610207 5.0000000000000016e-05 556000
1695673635053 5.0000000000000016e-05 560000
1695673659708 5.0000000000000016e-05 564000
1695673684256 5.0000000000000016e-05 568000
1695673708642 5.0000000000000016e-05 572000
1695673732881 5.0000000000000016e-05 576000
1695673757772 5.0000000000000016e-05 580000
1695673782389 5.0000000000000016e-05 584000
1695673807537 5.0000000000000016e-05 588000
1695673832070 5.0000000000000016e-05 592000
1695673856225 5.0000000000000016e-05 596000
1695673880543 5.0000000000000016e-05 600000
1695673904932 5.0000000000000016e-05 604000
1695673929416 5.0000000000000016e-05 608000
1695673953772 5.0000000000000016e-05 612000
1695673978562 5.0000000000000016e-05 616000
1695674003105 5.0000000000000016e-05 620000
1695674027416 5.0000000000000016e-05 624000
1695674051579 5.0000000000000016e-05 628000
1695674076417 5.0000000000000016e-05 632000
1695674101588 5.0000000000000016e-05 636000
1695674127710 5.0000000000000016e-05 640000
1695674152675 5.0000000000000016e-05 644000
1695674178869 5.0000000000000016e-05 648000
1695674203252 5.0000000000000016e-05 652000
1695674227546 5.0000000000000016e-05 656000
1695674253923 5.0000000000000016e-05 660000
1695674280093 5.0000000000000016e-05 664000
1695674308028 5.0000000000000016e-05 668000
1695674339507 5.0000000000000016e-05 672000
1695674364711 5.0000000000000016e-05 676000
1695674389708 5.0000000000000016e-05 680000
1695674416028 5.0000000000000016e-05 684000
1695674441565 5.0000000000000016e-05 688000
1695674466274 5.0000000000000016e-05 692000
1695674490585 5.0000000000000016e-05 696000
1695674514914 5.0000000000000016e-05 700000
1695674539975 5.0000000000000016e-05 704000
1695674564793 5.0000000000000016e-05 708000
1695674591023 5.0000000000000016e-05 712000
1695674616443 5.0000000000000016e-05 716000
1695674640712 5.0000000000000016e-05 720000
1695674664623 5.0000000000000016e-05 724000
1695674689505 5.0000000000000016e-05 728000
1695674715351 5.0000000000000016e-05 732000
1695674741334 5.0000000000000016e-05 736000
1695674765391 5.0000000000000016e-05 740000
1695674789593 5.0000000000000016e-05 744000
1695674814018 5.0000000000000016e-05 748000
1695674838268 5.0000000000000016e-05 752000
1695674862750 5.0000000000000016e-05 756000
1695674887080 5.0000000000000016e-05 760000
1695674912707 5.0000000000000016e-05 764000
1695674937809 5.0000000000000016e-05 768000
1695674962032 5.0000000000000016e-05 772000
1695674986095 5.0000000000000016e-05 776000
1695675010455 5.0000000000000016e-05 780000
1695675034659 5.0000000000000016e-05 784000
1695675058945 5.0000000000000016e-05 788000
1695675084025 5.0000000000000016e-05 792000
1695675109927 5.0000000000000016e-05 796000
1695675135631 5.0000000000000016e-05 800000
1695675165016 5.0000000000000016e-05 804000
1695675190884 5.0000000000000016e-05 808000
1695675216760 5.0000000000000016e-05 812000
1695675241506 5.0000000000000016e-05 816000
1695675266198 5.0000000000000016e-05 820000
1695675290911 5.0000000000000016e-05 824000
1695675315141 5.0000000000000016e-05 828000
1695675339990 5.0000000000000016e-05 832000
1695675364467 5.0000000000000016e-05 836000
1695675388740 5.0000000000000016e-05 840000
1695675415125 5.0000000000000016e-05 844000
1695675440341 5.0000000000000016e-05 848000
1695675465773 5.0000000000000016e-05 852000
1695675490950 5.0000000000000016e-05 856000
1695675516158 5.0000000000000016e-05 860000
1695675541890 5.0000000000000016e-05 864000
1695675568624 5.0000000000000016e-05 868000
1695675595634 5.0000000000000016e-05 872000
1695675622786 5.0000000000000016e-05 876000
1695675647783 5.0000000000000016e-05 880000
1695675672236 5.0000000000000016e-05 884000
1695675696724 5.0000000000000016e-05 888000
1695675721321 5.0000000000000016e-05 892000
1695675745746 5.0000000000000016e-05 896000
1695675769895 5.0000000000000016e-05 900000
1695675793576 5.0000000000000016e-05 904000
1695675817580 5.0000000000000016e-05 908000
1695675841538 5.0000000000000016e-05 912000
1695675865720 5.0000000000000016e-05 916000
