1695672410769 8.808922052594424e-06 364000
1695672434674 1.3213383078891642e-05 368000
1695672460181 1.982007461833746e-05 372000
1695672484880 1.982007461833746e-05 376000
1695672510180 1.982007461833746e-05 380000
1695672535522 1.982007461833746e-05 384000
1695672561450 1.982007461833746e-05 388000
1695672587193 1.982007461833746e-05 392000
1695672613168 2.973011192750618e-05 396000
1695672638796 2.973011192750618e-05 400000
1695672664328 4.4595167891259295e-05 404000
1695672689781 6.689275183688891e-05 408000
1695672716190 6.689275183688891e-05 412000
1695672741037 0.00010033912775533335 416000
1695672764811 0.00010033912775533335 420000
1695672788761 0.0001505086916330001 424000
1695672812718 0.0001505086916330001 428000
1695672836756 0.0001505086916330001 432000
1695672860573 0.00022576303744950004 436000
1695672884364 0.0003386445561742501 440000
1695672908417 0.0003386445561742501 444000
1695672932503 0.0005079668342613754 448000
1695672956311 0.0005079668342613754 452000
1695672980236 0.0005079668342613754 456000
1695673004212 0.0005079668342613754 460000
1695673027743 0.0007619502513920627 464000
1695673052153 0.0011429253770880942 468000
1695673078205 0.0011429253770880942 472000
1695673103113 0.001714388065632142 476000
1695673127991 0.0025715820984482116 480000
1695673152889 0.003857373147672318 484000
1695673177712 0.005786059721508476 488000
1695673202442 0.005786059721508476 492000
1695673229149 0.008679089582262715 496000
1695673257736 0.013018634373394069 500000
1695673285312 0.013018634373394069 504000
1695673312426 0.013018634373394069 508000
1695673340441 0.013018634373394069 512000
1695673365729 0.013018634373394069 516000
1695673391377 0.013018634373394069 520000
1695673415953 0.013018634373394069 524000
1695673440129 0.013018634373394069 528000
1695673464183 0.013018634373394069 532000
1695673488194 0.013018634373394069 536000
1695673512099 0.01952795156009111 540000
1695673536240 0.01952795156009111 544000
1695673560695 0.01952795156009111 548000
1695673585632 0.01952795156009111 552000
1695673610207 0.01952795156009111 556000
1695673635053 0.01952795156009111 560000
1695673659708 0.01952795156009111 564000
1695673684255 0.01952795156009111 568000
1695673708642 0.01952795156009111 572000
1695673732881 0.01952795156009111 576000
1695673757771 0.01952795156009111 580000
1695673782389 0.01952795156009111 584000
1695673807537 0.01952795156009111 588000
1695673832069 0.01952795156009111 592000
1695673856224 0.01952795156009111 596000
1695673880543 0.01952795156009111 600000
1695673904932 0.01952795156009111 604000
1695673929416 0.01952795156009111 608000
1695673953772 0.01952795156009111 612000
1695673978562 0.02929192734013665 616000
1695674003105 0.02929192734013665 620000
1695674027415 0.02929192734013665 624000
1695674051579 0.02929192734013665 628000
1695674076417 0.04393789101020499 632000
1695674101588 0.04393789101020499 636000
1695674127710 0.04393789101020499 640000
1695674152675 0.04393789101020499 644000
1695674178868 0.04393789101020499 648000
1695674203252 0.04393789101020499 652000
1695674227546 0.04393789101020499 656000
1695674253923 0.04393789101020499 660000
1695674280092 0.04393789101020499 664000
1695674308028 0.04393789101020499 668000
1695674339507 0.04393789101020499 672000
1695674364710 0.04393789101020499 676000
1695674389708 0.04393789101020499 680000
1695674416028 0.06590683651530749 684000
1695674441564 0.06590683651530749 688000
1695674466273 0.06590683651530749 692000
1695674490585 0.06590683651530749 696000
1695674514914 0.06590683651530749 700000
1695674539974 0.06590683651530749 704000
1695674564793 0.06590683651530749 708000
1695674591023 0.06590683651530749 712000
1695674616443 0.06590683651530749 716000
1695674640711 0.06590683651530749 720000
1695674664623 0.06590683651530749 724000
1695674689505 0.06590683651530749 728000
1695674715350 0.06590683651530749 732000
1695674741334 0.06590683651530749 736000
1695674765390 0.06590683651530749 740000
1695674789593 0.06590683651530749 744000
1695674814018 0.06590683651530749 748000
1695674838268 0.06590683651530749 752000
1695674862750 0.06590683651530749 756000
1695674887080 0.032953418257653744 760000
1695674912707 0.032953418257653744 764000
1695674937809 0.032953418257653744 768000
1695674962032 0.032953418257653744 772000
1695674986095 0.032953418257653744 776000
1695675010455 0.032953418257653744 780000
1695675034659 0.032953418257653744 784000
1695675058945 0.032953418257653744 788000
1695675084025 0.032953418257653744 792000
1695675109926 0.032953418257653744 796000
1695675135631 0.0494301273864806 800000
1695675165016 0.0494301273864806 804000
1695675190884 0.0494301273864806 808000
1695675216760 0.0494301273864806 812000
1695675241506 0.0247150636932403 816000
1695675266197 0.0247150636932403 820000
1695675290911 0.0247150636932403 824000
1695675315140 0.0247150636932403 828000
1695675339990 0.0247150636932403 832000
1695675364467 0.0247150636932403 836000
1695675388739 0.0247150636932403 840000
1695675415125 0.0247150636932403 844000
1695675440341 0.03707259553986046 848000
1695675465773 0.05560889330979069 852000
1695675490950 0.05560889330979069 856000
1695675516158 0.05560889330979069 860000
1695675541890 0.05560889330979069 864000
1695675568624 0.05560889330979069 868000
1695675595634 0.027804446654895346 872000
1695675622786 0.027804446654895346 876000
1695675647783 0.027804446654895346 880000
1695675672236 0.027804446654895346 884000
1695675696724 0.027804446654895346 888000
1695675721321 0.027804446654895346 892000
1695675745745 0.027804446654895346 896000
1695675769895 0.041706669982343035 900000
1695675793576 0.041706669982343035 904000
1695675817580 0.041706669982343035 908000
1695675841537 0.06256000497351454 912000
1695675865720 0.06256000497351454 916000
