1695672410770 0.055014642417275654 364000
1695672434675 0.19543529809258567 368000
1695672460183 0.30632789138083655 372000
1695672484881 0.25930844524409624 376000
1695672510181 0.17521793017319093 380000
1695672535524 0.18650107023616633 384000
1695672561452 0.20889409917096297 388000
1695672587194 0.21797922415037949 392000
1695672613170 0.3118095046374947 396000
1695672638797 0.5097958407054345 400000
1695672664329 0.40784294037148355 404000
1695672689782 0.1912171065574512 408000
1695672716191 0.3722085185348988 412000
1695672741039 0.377962502806137 416000
1695672764813 0.5605228800637027 420000
1695672788763 0.46422471860423686 424000
1695672812719 0.5021273120616873 428000
1695672836758 0.4750581330930193 432000
1695672860574 0.6866390536849697 436000
1695672884366 0.725661467264096 440000
1695672908418 0.7402353701802592 444000
1695672932504 0.7715493026499947 448000
1695672956312 0.9048143420989315 452000
1695672980238 0.6373344595854481 456000
1695673004213 0.589768904975305 460000
1695673027744 0.5830517488221327 464000
1695673052155 0.6694598787464201 468000
1695673078207 0.5289812493758898 472000
1695673103114 0.6051644971904655 476000
1695673127992 0.7598930800954501 480000
1695673152891 0.939778600136439 484000
1695673177713 0.7074384326736133 488000
1695673202443 0.683799705033501 492000
1695673229151 0.6779503186854223 496000
1695673257737 0.4020813164145996 500000
1695673285314 0.3686124119131515 504000
1695673312428 0.4422037949164708 508000
1695673340443 0.48303275685757396 512000
1695673365731 0.4743172465202709 516000
1695673391378 0.4690925007375578 520000
1695673415954 0.430644807840387 524000
1695673440131 0.3578374698137244 528000
1695673464185 0.3197449390621235 532000
1695673488195 0.38094006561053295 536000
1695673512100 0.34581806347705424 540000
1695673536241 0.3407038829599818 544000
1695673560696 0.3373524153139442 548000
1695673585633 0.3078091720274339 552000
1695673610208 0.44563954601374767 556000
1695673635054 0.3279902954741071 560000
1695673659710 0.4445989294288059 564000
1695673684257 0.3232958230189979 568000
1695673708644 0.25135476305149496 572000
1695673732882 0.398710891418159 576000
1695673757773 0.3007541076124956 580000
1695673782390 0.36096268920227886 584000
1695673807538 0.31907127985420325 588000
1695673832071 0.29941888704585534 592000
1695673856226 0.37960919140217203 596000
1695673880545 0.48419923953091104 600000
1695673904933 0.45968345465759436 604000
1695673929417 0.6604349335034688 608000
1695673953773 0.5891131557834645 612000
1695673978563 0.6333852235227824 616000
1695674003106 0.4854274552936355 620000
1695674027417 0.6349850867254039 624000
1695674051581 0.523299069609493 628000
1695674076418 0.5703110952551166 632000
1695674101589 0.5303874128187697 636000
1695674127711 0.47267891457304356 640000
1695674152677 0.6995457086712122 644000
1695674178870 0.6591444414108991 648000
1695674203254 0.6138750387976567 652000
1695674227548 0.7157818555521468 656000
1695674253925 0.5633146826488277 660000
1695674280094 0.47423116431261103 664000
1695674308030 0.45583531660959126 668000
1695674339508 0.42990525981100897 672000
1695674364712 0.5703892927306394 676000
1695674389710 0.5803775755998989 680000
1695674416030 0.5155095280458529 684000
1695674441566 0.4472291876251499 688000
1695674466275 0.3897931512134771 692000
1695674490586 0.3756627117749304 696000
1695674514916 0.40456266258843243 700000
1695674539976 0.4757191372724871 704000
1695674564794 0.6466403175145388 708000
1695674591024 0.4498845607042313 712000
1695674616445 0.5019816068001092 716000
1695674640713 0.356528568531697 720000
1695674664624 0.4051380712538958 724000
1695674689506 0.36968342477145294 728000
1695674715352 0.4195028638156752 732000
1695674741335 0.34726610413442055 736000
1695674765392 0.2196736262102301 740000
1695674789594 0.28655421258881686 744000
1695674814019 0.18957489553528528 748000
1695674838269 0.24720560749216627 752000
1695674862751 0.17980490184078615 756000
1695674887082 0.17504303466218213 760000
1695674912708 0.2055918139521964 764000
1695674937810 0.17899858477370192 768000
1695674962034 0.2354307319270447 772000
1695674986096 0.2183010687935166 776000
1695675010456 0.22988596258995433 780000
1695675034661 0.19721614766555529 784000
1695675058946 0.2388296008420487 788000
1695675084026 0.1907108653569594 792000
1695675109928 0.3040890960488468 796000
1695675135632 0.33918962962925436 800000
1695675165017 0.20980847164367636 804000
1695675190885 0.19376110343728215 808000
1695675216761 0.2033176299650222 812000
1695675241508 0.18652813897933812 816000
1695675266199 0.24908978515304625 820000
1695675290913 0.19398216295521706 824000
1695675315142 0.23141025064202647 828000
1695675339991 0.2220802904572338 832000
1695675364468 0.1969953587356334 836000
1695675388741 0.32593516738464434 840000
1695675415126 0.20446930775263658 844000
1695675440342 0.30510373655706646 848000
1695675465775 0.2952771653731664 852000
1695675490951 0.2700817283708602 856000
1695675516159 0.24579249678645282 860000
1695675541891 0.3465183271871259 864000
1695675568625 0.2368883677603056 868000
1695675595636 0.21197788720795263 872000
1695675622787 0.20100862105221798 876000
1695675647784 0.1541409237931172 880000
1695675672237 0.1640008980485921 884000
1695675696725 0.17217762561825414 888000
1695675721323 0.19601446423136318 892000
1695675745747 0.26170569214348993 896000
1695675769896 0.2773293689203759 900000
1695675793577 0.3100809110018114 904000
1695675817581 0.268598879299437 908000
1695675841539 0.25454679103568195 912000
1695675865721 0.20271762266444662 916000
