1695672410770 0.0010000000000000005 364000
1695672434676 0.0010000000000000005 368000
1695672460183 0.0010000000000000005 372000
1695672484881 0.0010000000000000005 376000
1695672510182 0.0010000000000000005 380000
1695672535524 0.0010000000000000005 384000
1695672561452 0.0010000000000000005 388000
1695672587195 0.0010000000000000005 392000
1695672613170 0.0010000000000000005 396000
1695672638797 0.0010000000000000005 400000
1695672664329 0.0010000000000000005 404000
1695672689782 0.0010000000000000005 408000
1695672716192 0.0010000000000000005 412000
1695672741039 0.0010000000000000005 416000
1695672764813 0.0010000000000000005 420000
1695672788763 0.0010000000000000005 424000
1695672812720 0.0010000000000000005 428000
1695672836758 0.0010000000000000005 432000
1695672860574 0.0010000000000000005 436000
1695672884366 0.0010000000000000005 440000
1695672908418 0.0010000000000000005 444000
1695672932504 0.0010000000000000005 448000
1695672956312 0.0010000000000000005 452000
1695672980238 0.0010000000000000005 456000
1695673004213 0.0010000000000000005 460000
1695673027744 0.0010000000000000005 464000
1695673052155 0.0010000000000000005 468000
1695673078207 0.0010000000000000005 472000
1695673103115 0.0010000000000000005 476000
1695673127992 0.0010000000000000005 480000
1695673152891 0.0010000000000000005 484000
1695673177714 0.0010000000000000005 488000
1695673202443 0.0010000000000000005 492000
1695673229151 0.0010000000000000005 496000
1695673257737 0.0010000000000000005 500000
1695673285314 0.0010000000000000005 504000
1695673312428 0.0010000000000000005 508000
1695673340443 0.0010000000000000005 512000
1695673365731 0.0010000000000000005 516000
1695673391378 0.0010000000000000005 520000
1695673415955 0.0010000000000000005 524000
1695673440131 0.0010000000000000005 528000
1695673464185 0.0010000000000000005 532000
1695673488196 0.0010000000000000005 536000
1695673512100 0.0010000000000000005 540000
1695673536242 0.0010000000000000005 544000
1695673560697 0.0010000000000000005 548000
1695673585633 0.0010000000000000005 552000
1695673610209 0.0010000000000000005 556000
1695673635054 0.0010000000000000005 560000
1695673659710 0.0010000000000000005 564000
1695673684257 0.0010000000000000005 568000
1695673708644 0.0010000000000000005 572000
1695673732883 0.0010000000000000005 576000
1695673757773 0.0010000000000000005 580000
1695673782390 0.0010000000000000005 584000
1695673807538 0.0010000000000000005 588000
1695673832071 0.0010000000000000005 592000
1695673856226 0.0010000000000000005 596000
1695673880545 0.0010000000000000005 600000
1695673904933 0.0010000000000000005 604000
1695673929417 0.0010000000000000005 608000
1695673953773 0.0010000000000000005 612000
1695673978563 0.0010000000000000005 616000
1695674003106 0.0010000000000000005 620000
1695674027417 0.0010000000000000005 624000
1695674051581 0.0010000000000000005 628000
1695674076418 0.0010000000000000005 632000
1695674101590 0.0010000000000000005 636000
1695674127712 0.0010000000000000005 640000
1695674152677 0.0010000000000000005 644000
1695674178870 0.0010000000000000005 648000
1695674203254 0.0010000000000000005 652000
1695674227548 0.0010000000000000005 656000
1695674253925 0.0010000000000000005 660000
1695674280094 0.0010000000000000005 664000
1695674308030 0.0010000000000000005 668000
1695674339508 0.0010000000000000005 672000
1695674364712 0.0010000000000000005 676000
1695674389710 0.0010000000000000005 680000
1695674416030 0.0010000000000000005 684000
1695674441566 0.0010000000000000005 688000
1695674466275 0.0010000000000000005 692000
1695674490587 0.0010000000000000005 696000
1695674514916 0.0010000000000000005 700000
1695674539976 0.0010000000000000005 704000
1695674564794 0.0010000000000000005 708000
1695674591024 0.0010000000000000005 712000
1695674616445 0.0010000000000000005 716000
1695674640713 0.0010000000000000005 720000
1695674664624 0.0010000000000000005 724000
1695674689507 0.0010000000000000005 728000
1695674715352 0.0010000000000000005 732000
1695674741336 0.0010000000000000005 736000
1695674765392 0.0010000000000000005 740000
1695674789594 0.0010000000000000005 744000
1695674814019 0.0010000000000000005 748000
1695674838270 0.0010000000000000005 752000
1695674862751 0.0010000000000000005 756000
1695674887082 0.0010000000000000005 760000
1695674912709 0.0010000000000000005 764000
1695674937811 0.0010000000000000005 768000
1695674962034 0.0010000000000000005 772000
1695674986097 0.0010000000000000005 776000
1695675010456 0.0010000000000000005 780000
1695675034661 0.0010000000000000005 784000
1695675058946 0.0010000000000000005 788000
1695675084026 0.0010000000000000005 792000
1695675109928 0.0010000000000000005 796000
1695675135633 0.0010000000000000005 800000
1695675165017 0.0010000000000000005 804000
1695675190885 0.0010000000000000005 808000
1695675216762 0.0010000000000000005 812000
1695675241508 0.0010000000000000005 816000
1695675266199 0.0010000000000000005 820000
1695675290913 0.0010000000000000005 824000
1695675315142 0.0010000000000000005 828000
1695675339992 0.0010000000000000005 832000
1695675364469 0.0010000000000000005 836000
1695675388741 0.0010000000000000005 840000
1695675415126 0.0010000000000000005 844000
1695675440343 0.0010000000000000005 848000
1695675465775 0.0010000000000000005 852000
1695675490952 0.0010000000000000005 856000
1695675516159 0.0010000000000000005 860000
1695675541891 0.0010000000000000005 864000
1695675568625 0.0010000000000000005 868000
1695675595636 0.0010000000000000005 872000
1695675622787 0.0010000000000000005 876000
1695675647785 0.0010000000000000005 880000
1695675672238 0.0010000000000000005 884000
1695675696725 0.0010000000000000005 888000
1695675721323 0.0010000000000000005 892000
1695675745747 0.0010000000000000005 896000
1695675769896 0.0010000000000000005 900000
1695675793577 0.0010000000000000005 904000
1695675817581 0.0010000000000000005 908000
1695675841539 0.0010000000000000005 912000
1695675865721 0.0010000000000000005 916000
