1695672410769 0.43845351682975886 364000
1695672434673 0.6141718060088655 368000
1695672460181 1.6902196302699546 372000
1695672484880 1.0107115307201942 376000
1695672510180 0.7820450360576312 380000
1695672535522 1.7216035712820787 384000
1695672561450 0.705560784918877 388000
1695672587193 0.7070331781714534 392000
1695672613168 0.916873028067251 396000
1695672638795 1.1756023606595893 400000
1695672664328 0.8985347783192992 404000
1695672689780 0.944715408453097 408000
1695672716190 2.155774686609705 412000
1695672741037 1.2852689407455424 416000
1695672764811 1.209908879144738 420000
1695672788761 1.0717063054442406 424000
1695672812718 0.796923534059897 428000
1695672836756 1.0878844442777336 432000
1695672860573 0.9286510972616573 436000
1695672884364 1.1897691803363462 440000
1695672908416 1.0511106414099534 444000
1695672932502 0.700123550184071 448000
1695672956310 1.2170902421387533 452000
1695672980236 0.7731779759284109 456000
1695673004212 0.9379394000861794 460000
1695673027743 1.095058483739073 464000
1695673052153 1.9944195047641793 468000
1695673078205 0.9773913531874617 472000
1695673103113 0.807745450673004 476000
1695673127990 1.0703498216966787 480000
1695673152889 0.7275347694909821 484000
1695673177712 0.9435699873914322 488000
1695673202441 1.5043267999465266 492000
1695673229149 1.3902019466583928 496000
1695673257736 1.3705421227340897 500000
1695673285312 0.8178634184567879 504000
1695673312426 0.9050977094098925 508000
1695673340441 1.1109751178262135 512000
1695673365729 1.1141982214835784 516000
1695673391376 1.0587379414588214 520000
1695673415953 1.1064084094638627 524000
1695673440129 1.0337050456864139 528000
1695673464183 1.066189485695213 532000
1695673488194 0.9768306197288136 536000
1695673512098 1.0175064329057932 540000
1695673536240 1.183256459189579 544000
1695673560695 1.1011984056172273 548000
1695673585632 0.9216111226473004 552000
1695673610207 1.052831297243635 556000
1695673635053 0.8884411289977531 560000
1695673659708 1.0600390499147276 564000
1695673684255 1.0212872815784066 568000
1695673708642 0.9521373888322463 572000
1695673732881 1.0749871264522275 576000
1695673757771 0.9943795626362165 580000
1695673782389 0.8877547571435571 584000
1695673807536 1.2302640570948522 588000
1695673832069 0.9498790881130844 592000
1695673856224 0.9190865794507166 596000
1695673880543 0.9066377409423391 600000
1695673904932 0.6358796844879786 604000
1695673929415 0.6924761873204262 608000
1695673953772 0.5147089142662783 612000
1695673978561 0.5931226700854798 616000
1695674003104 0.6441692370455712 620000
1695674027415 0.5078114074887707 624000
1695674051579 0.6871612838702277 628000
1695674076417 1.1089111702516674 632000
1695674101588 0.982928825635463 636000
1695674127710 0.7949537684520086 640000
1695674152675 0.9995505718359102 644000
1695674178868 0.7472751984838396 648000
1695674203252 0.8337021837942302 652000
1695674227546 1.0600672855352362 656000
1695674253923 0.7481408558475474 660000
1695674280092 0.7110254656213025 664000
1695674308027 0.704447385451446 668000
1695674339506 0.6495214889291674 672000
1695674364710 0.9457263099650542 676000
1695674389708 0.8190933928204079 680000
1695674416028 0.6995838130824268 684000
1695674441564 0.7476577019241328 688000
1695674466273 0.7575376475695521 692000
1695674490585 0.843423268230011 696000
1695674514914 1.0300751472823322 700000
1695674539974 0.9395877943839878 704000
1695674564793 0.929427667024235 708000
1695674591023 0.9415446178987622 712000
1695674616443 1.1109150351646047 716000
1695674640711 0.8998873154322307 720000
1695674664623 0.779751461589088 724000
1695674689505 0.8003523782206078 728000
1695674715350 0.7644731958551954 732000
1695674741334 0.7557704449476054 736000
1695674765390 0.5050315892634293 740000
1695674789593 0.804970045791318 744000
1695674814017 0.5991371509619057 748000
1695674838268 0.7332209307234734 752000
1695674862750 0.48010723328528304 756000
1695674887080 0.4220436918005968 760000
1695674912707 0.6368714620669683 764000
1695674937809 0.5009801382819812 768000
1695674962032 0.5392294798977673 772000
1695674986095 0.566248211528485 776000
1695675010454 0.646284554572776 780000
1695675034659 0.7971779717753331 784000
1695675058944 0.7982591562749197 788000
1695675084024 0.8117654314885537 792000
1695675109926 1.1684116310284784 796000
1695675135631 1.1280177680154642 800000
1695675165015 0.7049763830223431 804000
1695675190883 0.591291710936154 808000
1695675216760 0.4585758781371017 812000
1695675241506 0.5463584376188616 816000
1695675266197 0.7394589281175286 820000
1695675290911 0.649575895552213 824000
1695675315140 1.0891357744733492 828000
1695675339989 0.9157420409688105 832000
1695675364467 0.8048917045816779 836000
1695675388739 1.1498827471553037 840000
1695675415125 1.0324692718219013 844000
1695675440341 1.12970486022532 848000
1695675465773 1.1325306792433063 852000
1695675490950 1.0484893502357104 856000
1695675516157 0.937098111708959 860000
1695675541890 0.7998412153683603 864000
1695675568623 0.6222388806442419 868000
1695675595634 0.7163098383384446 872000
1695675622785 0.5939921099071701 876000
1695675647783 0.5501436149779086 880000
1695675672236 0.5136370863299817 884000
1695675696723 0.4646299199045946 888000
1695675721321 0.6767044572470089 892000
1695675745745 0.60282261755007 896000
1695675769894 0.5798085051588714 900000
1695675793575 0.5088665740098804 904000
1695675817579 0.5252184490595634 908000
1695675841537 0.909055236261338 912000
1695675865720 0.4680284600860129 916000
