1695672410770 0.029493608672337697 364000
1695672434675 0.1237865257191711 368000
1695672460183 0.010122603939924982 372000
1695672484881 0.005392626987525044 376000
1695672510181 0.006899192066093073 380000
1695672535524 0.00960191908601787 384000
1695672561452 0.006612309335946026 388000
1695672587194 0.0200466528731225 392000
1695672613170 0.009258836138871136 396000
1695672638797 0.02670486314436644 400000
1695672664329 0.040934446049126466 404000
1695672689782 0.010272591085699083 408000
1695672716191 0.03539957601872124 412000
1695672741039 0.015341574126480406 416000
1695672764812 0.03615248789857964 420000
1695672788763 0.011721540407505136 424000
1695672812719 0.015680060360581297 428000
1695672836758 0.02722607997007079 432000
1695672860574 0.020245553268163605 436000
1695672884365 0.01684174546655288 440000
1695672908418 0.048896855476969786 444000
1695672932504 0.015478935133051009 448000
1695672956312 0.013681940266033235 452000
1695672980238 0.016646530939621287 456000
1695673004213 0.023750736263938657 460000
1695673027744 0.09728373426564749 464000
1695673052155 0.012132965314940037 468000
1695673078206 0.05423878463239286 472000
1695673103114 0.037729106470699665 476000
1695673127992 0.03440476642281039 480000
1695673152891 0.021177180372327107 484000
1695673177713 0.017393014861569023 488000
1695673202443 0.06597300146294666 492000
1695673229151 0.029912354957826907 496000
1695673257737 0.013566771914160218 500000
1695673285314 0.019701277299617844 504000
1695673312427 0.013611246044491813 508000
1695673340442 0.008766251432844086 512000
1695673365731 0.010978960259079903 516000
1695673391378 0.011020425737857902 520000
1695673415954 0.011209354490945869 524000
1695673440130 0.016199632677841025 528000
1695673464184 0.014458061585878567 532000
1695673488195 0.020251469282491507 536000
1695673512100 0.010485797819444897 540000
1695673536241 0.012581050648430592 544000
1695673560696 0.008517640743792495 548000
1695673585633 0.009796384933873787 552000
1695673610208 0.015194795042228766 556000
1695673635054 0.007932935693062792 560000
1695673659709 0.014389041205254903 564000
1695673684257 0.012316330067395742 568000
1695673708643 0.0061028168038949875 572000
1695673732882 0.01489162658006838 576000
1695673757773 0.011488421896020777 580000
1695673782390 0.015772385660301248 584000
1695673807538 0.01165504540580956 588000
1695673832071 0.008545617685741908 592000
1695673856225 0.013214302278960373 596000
1695673880544 0.013473296669615328 600000
1695673904933 0.009033936864705919 604000
1695673929417 0.013071003399939777 608000
1695673953773 0.021029091837537303 612000
1695673978563 0.010652933329921961 616000
1695674003106 0.015521352756253796 620000
1695674027417 0.007653092885375789 624000
1695674051580 0.021854529183805007 628000
1695674076418 0.011752642035017464 632000
1695674101589 0.0153084453539875 636000
1695674127711 0.011405984190402781 640000
1695674152676 0.01238915882610928 644000
1695674178870 0.014401933672364938 648000
1695674203253 0.008510922129194872 652000
1695674227547 0.015048555080663087 656000
1695674253924 0.007643592314828185 660000
1695674280094 0.011174156790368883 664000
1695674308029 0.010620932768384357 668000
1695674339508 0.014699276289259648 672000
1695674364712 0.019342846420605988 676000
1695674389709 0.0222840940383008 680000
1695674416029 0.0064687784004315765 684000
1695674441566 0.008689554459686869 688000
1695674466275 0.008666687162437122 692000
1695674490586 0.01436273938947688 696000
1695674514915 0.015503814251801236 700000
1695674539976 0.008518387978519755 704000
1695674564794 0.018698943771971226 708000
1695674591024 0.011877697471902036 712000
1695674616444 0.012109316350279987 716000
1695674640713 0.010212159373318949 720000
1695674664624 0.01044341996367874 724000
1695674689506 0.010504228996679917 728000
1695674715352 0.007544031683725383 732000
1695674741335 0.0064785571068516935 736000
1695674765392 0.006576522206675351 740000
1695674789594 0.009141455096706845 744000
1695674814019 0.005335094043782836 748000
1695674838269 0.0072990227769414735 752000
1695674862751 0.004402275590027216 756000
1695674887081 0.0053631975744881715 760000
1695674912708 0.005911632265492842 764000
1695674937810 0.005742346431854687 768000
1695674962033 0.008109072713116361 772000
1695674986096 0.007958282845742582 776000
1695675010456 0.007367191238071231 780000
1695675034660 0.01020934514183267 784000
1695675058946 0.008948312144873087 788000
1695675084026 0.010845600507559117 792000
1695675109928 0.033603805088872944 796000
1695675135632 0.010731288452092732 800000
1695675165017 0.007901512215214453 804000
1695675190885 0.013696449800529508 808000
1695675216761 0.003883439216292454 812000
1695675241507 0.012780311924014113 816000
1695675266199 0.01010137724111928 820000
1695675290912 0.016944112558470437 824000
1695675315142 0.011707354838320739 828000
1695675339991 0.009671802186776783 832000
1695675364468 0.012714606146550534 836000
1695675388741 0.01990717791680804 840000
1695675415126 0.03105202732892419 844000
1695675440342 0.03173393697356759 848000
1695675465774 0.014042545106818039 852000
1695675490951 0.007761644144826126 856000
1695675516159 0.007894394539723909 860000
1695675541891 0.007195723676394694 864000
1695675568625 0.0040296933666357365 868000
1695675595635 0.005808241561878921 872000
1695675622787 0.007133215257394441 876000
1695675647784 0.00544829977276316 880000
1695675672237 0.005445676328623372 884000
1695675696725 0.008466213487270446 888000
1695675721322 0.01678050958241054 892000
1695675745747 0.021642620130199776 896000
1695675769896 0.0055535477735360935 900000
1695675793577 0.006218183491848839 904000
1695675817581 0.042519197527745 908000
1695675841539 0.019696485797715012 912000
1695675865721 0.0063459750043583915 916000
