1695672410769 -0.007176249801705126 364000
1695672434674 -0.04235852457495639 368000
1695672460182 -0.015140354276566844 372000
1695672484880 -0.007669707096890003 376000
1695672510181 -0.007264635624839381 380000
1695672535523 -0.006786611730785807 384000
1695672561451 -0.008447551382414532 388000
1695672587194 -0.01558030749753622 392000
1695672613169 -0.004484973506138582 396000
1695672638796 -0.005255201155281005 400000
1695672664328 -0.01182511257599496 404000
1695672689781 -0.011612172062935617 408000
1695672716191 -0.014865696062285376 412000
1695672741038 -0.016134333731800628 416000
1695672764812 -0.013159307045377015 420000
1695672788762 -0.011242252522909743 424000
1695672812719 -0.019496144910226575 428000
1695672836757 -0.019354811144876295 432000
1695672860573 -0.0078185519889909 436000
1695672884365 -0.009212195549722916 440000
1695672908417 -0.018351075069828464 444000
1695672932503 -0.006395978062452438 448000
1695672956311 -0.008625097373927323 452000
1695672980237 -0.009179309287234597 456000
1695673004212 -0.014603718188118365 460000
1695673027743 -0.0252485017896106 464000
1695673052154 -0.008054523509053979 468000
1695673078206 -0.027282736946654042 472000
1695673103114 -0.02066856880725633 476000
1695673127991 -0.01550811417158305 480000
1695673152890 -0.02157160576474174 484000
1695673177713 -0.007685313888456827 488000
1695673202442 -0.019444454477828308 492000
1695673229150 -0.01985408420053621 496000
1695673257736 -0.011310103140810194 500000
1695673285313 -0.013245681332288465 504000
1695673312427 -0.016042556051979774 508000
1695673340442 -0.010397528694981398 512000
1695673365730 -0.015130259402940282 516000
1695673391377 -0.01329652062098224 520000
1695673415954 -0.009449646302042918 524000
1695673440130 -0.011500684136505394 528000
1695673464184 -0.01937033908252488 532000
1695673488195 -0.018132808665783765 536000
1695673512099 -0.013144372078386368 540000
1695673536241 -0.013128580068587326 544000
1695673560695 -0.01281292423736886 548000
1695673585632 -0.012870798752070792 552000
1695673610208 -0.015615409320162144 556000
1695673635053 -0.012357520083605777 560000
1695673659709 -0.013271983319767363 564000
1695673684256 -0.015772417874541134 568000
1695673708643 -0.010519101079262327 572000
1695673732882 -0.017959172812697943 576000
1695673757772 -0.0139228926699919 580000
1695673782389 -0.01602812474205469 584000
1695673807537 -0.011083309157887319 588000
1695673832070 -0.010881546911453674 592000
1695673856225 -0.02104491521677119 596000
1695673880544 -0.01496816181994897 600000
1695673904932 -0.008296622312627733 604000
1695673929416 -0.011033513373452783 608000
1695673953772 -0.013069749277686544 612000
1695673978562 -0.015310769826586086 616000
1695674003105 -0.010317649482749403 620000
1695674027416 -0.006310970594980366 624000
1695674051580 -0.013033848144550575 628000
1695674076417 -0.008842547220168247 632000
1695674101589 -0.016414414364893066 636000
1695674127711 -0.015253751581864587 640000
1695674152676 -0.009169926015601959 644000
1695674178869 -0.010075556059503773 648000
1695674203253 -0.010135461708947939 652000
1695674227547 -0.01676340663616429 656000
1695674253924 -0.007136971742026313 660000
1695674280093 -0.011820726322427314 664000
1695674308028 -0.008219877900167679 668000
1695674339507 -0.011951914941649495 672000
1695674364711 -0.015651421128131913 676000
1695674389709 -0.011169424386753234 680000
1695674416029 -0.007051424389889386 684000
1695674441565 -0.013020290023996494 688000
1695674466274 -0.009627797154341049 692000
1695674490586 -0.011464692175407739 696000
1695674514915 -0.016274953693209682 700000
1695674539975 -0.015430933345245042 704000
1695674564793 -0.01676108605824993 708000
1695674591023 -0.011574453456463137 712000
1695674616444 -0.016701106311908614 716000
1695674640712 -0.012331815277138957 720000
1695674664623 -0.009226547121215845 724000
1695674689506 -0.010925541349812799 728000
1695674715351 -0.007468910714669619 732000
1695674741335 -0.007557484980012911 736000
1695674765391 -0.006649861055969571 740000
1695674789593 -0.01390759352555809 744000
1695674814018 -0.007506895223680961 748000
1695674838269 -0.009585213845760639 752000
1695674862750 -0.006932926756417146 756000
1695674887081 -0.004393676751836513 760000
1695674912707 -0.004506004211240603 764000
1695674937810 -0.005955310992673427 768000
1695674962033 -0.0055304770423390435 772000
1695674986096 -0.010736761060737383 776000
1695675010455 -0.010411440204673756 780000
1695675034660 -0.016046306983965527 784000
1695675058945 -0.014242946840143607 788000
1695675084025 -0.01189937743304957 792000
1695675109927 -0.030664187749789563 796000
1695675135632 -0.014001379539937868 800000
1695675165016 -0.009216340340208263 804000
1695675190884 -0.01658898843403828 808000
1695675216760 -0.005322425494280954 812000
1695675241507 -0.010153569129761309 816000
1695675266198 -0.00972450786406019 820000
1695675290912 -0.00965428639901802 824000
1695675315141 -0.016696175239727988 828000
1695675339990 -0.01165450856933603 832000
1695675364467 -0.009199923416114567 836000
1695675388740 -0.01883013478460877 840000
1695675415125 -0.013630381930852309 844000
1695675440342 -0.021884785245007757 848000
1695675465774 -0.014537294389447198 852000
1695675490951 -0.008184298821773458 856000
1695675516158 -0.010316714033251628 860000
1695675541890 -0.009943675033476514 864000
1695675568624 -0.004780604025533345 868000
1695675595635 -0.00550856061114852 872000
1695675622786 -0.011263128539940225 876000
1695675647784 -0.004849629202120316 880000
1695675672237 -0.0059693969611544166 884000
1695675696724 -0.006282631381448785 888000
1695675721322 -0.007963756318592157 892000
1695675745746 -0.009410468527979296 896000
1695675769895 -0.005338639955152757 900000
1695675793576 -0.005839744350669207 904000
1695675817580 -0.008540529965587969 908000
1695675841538 -0.012304284839289418 912000
1695675865720 -0.006656955095119581 916000
