1695672410769 0.007597738974997507 364000
1695672434674 -0.038007869244772036 368000
1695672460182 -0.013746290847757336 372000
1695672484880 -0.0017049416696257444 376000
1695672510180 -0.006002817038733118 380000
1695672535522 -0.006230532020019079 384000
1695672561451 -0.006470959583604478 388000
1695672587193 -0.012809739927433839 392000
1695672613169 6.688320407495969e-05 396000
1695672638796 -0.0027019224213025456 400000
1695672664328 -0.008351231270489734 404000
1695672689781 -0.005273587625439783 408000
1695672716190 -0.010136635746039246 412000
1695672741038 -0.013055620022691982 416000
1695672764812 -0.01159698407483726 420000
1695672788762 -0.004887885598191133 424000
1695672812718 -0.01730528264294359 428000
1695672836757 -0.017112628127370043 432000
1695672860573 -0.0055321643271781795 436000
1695672884365 -0.008327809322690883 440000
1695672908417 -0.017169446392139777 444000
1695672932503 -0.003312846000638577 448000
1695672956311 -0.006656661454837831 452000
1695672980237 -0.005724907011093213 456000
1695673004212 -0.010145717442037494 460000
1695673027743 -0.024020938598831285 464000
1695673052154 -0.0070993678500068805 468000
1695673078206 -0.02163327612863668 472000
1695673103113 -0.01957118655269975 476000
1695673127991 -0.014861716378921605 480000
1695673152890 -0.02224854940265383 484000
1695673177712 -0.004596895390523059 488000
1695673202442 -0.011292813495932327 492000
1695673229149 -0.013832441013990622 496000
1695673257736 -0.0028062591762363807 500000
1695673285313 -0.0050280615943847804 504000
1695673312426 -0.0029343529065045003 508000
1695673340442 0.003825202840342475 512000
1695673365730 -0.008169094154967145 516000
1695673391377 -0.005564312825178301 520000
1695673415953 0.00908537287141371 524000
1695673440130 0.0022185478698853937 528000
1695673464184 -0.003414050629847528 532000
1695673488194 9.629224205885597e-05 536000
1695673512099 0.004121158314228523 540000
1695673536240 0.006969872027396681 544000
1695673560695 0.0050144021052422735 548000
1695673585632 0.0010848692047754108 552000
1695673610207 0.0030915771601030427 556000
1695673635053 0.0029987476289685825 560000
1695673659709 0.002771966759488957 564000
1695673684256 0.0020992239775296183 568000
1695673708643 0.0063698291469336255 572000
1695673732881 0.004388200969060563 576000
1695673757772 0.005750497928511322 580000
1695673782389 0.003365262998659091 584000
1695673807537 0.012958579500400446 588000
1695673832070 0.004037185051932586 592000
1695673856225 -0.005841275938670757 596000
1695673880544 -0.0050434325426977015 600000
1695673904932 0.0019321109079101007 604000
1695673929416 -0.0058940567849276706 608000
1695673953772 -0.005523607296724246 612000
1695673978562 -0.008102328332976564 616000
1695674003105 0.0013500163879143657 620000
1695674027416 -0.00459821841276001 624000
1695674051579 -0.004031235785957202 628000
1695674076417 0.0028503275780167314 632000
1695674101588 0.001463279390251652 636000
1695674127710 0.0012596137421193514 640000
1695674152676 -0.000928116822130202 644000
1695674178869 -0.003433114801494715 648000
1695674203253 -0.0013413527640144215 652000
1695674227547 -0.007992573854365522 656000
1695674253924 0.0029502686381723225 660000
1695674280093 0.00011314352453458316 664000
1695674308028 0.005680842504170868 668000
1695674339507 0.0023038626284990946 672000
1695674364711 -0.0022111449231791386 676000
1695674389709 -0.005842711517955953 680000
1695674416029 0.0011849547672075763 684000
1695674441565 -0.0029475456440195558 688000
1695674466274 0.00936832524384954 692000
1695674490585 0.007500418473682657 696000
1695674514915 0.0019886770759815894 700000
1695674539975 -0.0031960168981944054 704000
1695674564793 -0.00613733559960868 708000
1695674591023 0.002019508084777044 712000
1695674616444 -0.0010302931902212247 716000
1695674640712 0.006897386756433358 720000
1695674664623 0.00518902817492138 724000
1695674689505 0.007968608753132381 728000
1695674715351 0.008197169637484573 732000
1695674741334 0.009053940151413068 736000
1695674765391 0.009943176789268668 740000
1695674789593 0.00370528018411278 744000
1695674814018 0.005786155328193369 748000
1695674838268 0.0073759450594783026 752000
1695674862750 0.0076006718465275 756000
1695674887081 0.011880691016964798 760000
1695674912707 0.009303271231821479 764000
1695674937809 0.00787225692965876 768000
1695674962032 0.007366530048132821 772000
1695674986095 0.005551934513520488 776000
1695675010455 0.0017709305610878801 780000
1695675034659 0.001916265663703598 784000
1695675058945 -0.0010563736326124247 788000
1695675084025 0.005104739843106169 792000
1695675109927 -0.016723462227673735 796000
1695675135631 -0.002227699762352131 800000
1695675165016 0.003771513887962404 804000
1695675190884 -0.0046223569056261715 808000
1695675216760 0.006486027035649992 812000
1695675241506 0.009654149218279902 816000
1695675266198 0.0022355927115313536 820000
1695675290912 0.01081396747222243 824000
1695675315141 0.012154473750342731 828000
1695675339990 0.004614042057437473 832000
1695675364467 0.007091171181976582 836000
1695675388740 0.00013388289253271068 840000
1695675415125 0.006643839840360973 844000
1695675440341 0.006273926902789147 848000
1695675465774 0.01071174806535661 852000
1695675490950 0.009255604249695655 856000
1695675516158 0.0077710147564478875 860000
1695675541890 0.0008192970190672592 864000
1695675568624 0.008703231106240612 868000
1695675595635 0.011069058268943385 872000
1695675622786 0.0012216295670138303 876000
1695675647784 0.009843945521038223 880000
1695675672236 0.006853849392988802 884000
1695675696724 0.005798190865622625 888000
1695675721322 0.005564551815162607 892000
1695675745746 0.0003645026433938862 896000
1695675769895 -0.001199059102054889 900000
1695675793576 0.0010086402997634043 904000
1695675817580 0.0015404780151887583 908000
1695675841538 -0.0008119545876979828 912000
1695675865720 0.005050094300562098 916000
