1695672410770 0.7429103809719284 364000
1695672434675 0.7235221184169253 368000
1695672460182 0.6729744140679638 372000
1695672484881 0.8403206174572309 376000
1695672510181 0.7190674153467019 380000
1695672535523 0.541996997098128 384000
1695672561451 0.7991956236461798 388000
1695672587194 0.8980649137248595 392000
1695672613169 0.7828085587049524 396000
1695672638797 0.9276762238393227 400000
1695672664329 0.9053765896707773 404000
1695672689781 0.8992063544690609 408000
1695672716191 0.876211554184556 412000
1695672741039 0.8957383305455248 416000
1695672764812 0.8466295737152298 420000
1695672788762 0.897781556037565 424000
1695672812719 0.8739477421467503 428000
1695672836757 0.8790079713488619 432000
1695672860574 0.9217780447254579 436000
1695672884365 0.7880452010780573 440000
1695672908418 0.9004130305101474 444000
1695672932504 0.907965948060155 448000
1695672956312 0.8817001334701975 452000
1695672980237 0.9311657456681133 456000
1695673004213 0.8765957334389289 460000
1695673027744 0.831779476813972 464000
1695673052154 0.8949888323744138 468000
1695673078206 0.8969045045475165 472000
1695673103114 0.9313453321034709 476000
1695673127992 0.8268127303570509 480000
1695673152891 -0.025848645778993765 484000
1695673177713 0.8754743587225675 488000
1695673202443 0.7788260731225213 492000
1695673229150 0.8588385041803122 496000
1695673257737 0.8687238167971373 500000
1695673285314 0.836267657764256 504000
1695673312427 0.8822224662949641 508000
1695673340442 0.8451029856999716 512000
1695673365730 0.8919364674016833 516000
1695673391378 0.7983745416626334 520000
1695673415954 0.8396560040613016 524000
1695673440130 0.907061638807257 528000
1695673464184 0.8929360206549366 532000
1695673488195 0.8819506188854576 536000
1695673512100 0.887496382308503 540000
1695673536241 0.8928954384600123 544000
1695673560696 0.9026724822819233 548000
1695673585633 0.9230608838299911 552000
1695673610208 0.8836796319112181 556000
1695673635054 0.9199426714951794 560000
1695673659709 0.8976232149948676 564000
1695673684256 0.8985986925661564 568000
1695673708643 0.9136593863988917 572000
1695673732882 0.8558884699518482 576000
1695673757772 0.8975671703616778 580000
1695673782390 0.8887018991013368 584000
1695673807538 0.8731289186204473 588000
1695673832070 0.9257522433375319 592000
1695673856225 0.9172627316166957 596000
1695673880544 0.923894056553642 600000
1695673904933 0.9180724553763866 604000
1695673929417 0.9111175316075484 608000
1695673953773 0.9358595764264465 612000
1695673978563 0.9367081024373571 616000
1695674003106 0.9296510341887673 620000
1695674027417 0.9486355333278577 624000
1695674051580 0.9225321284805735 628000
1695674076418 0.9079232427602013 632000
1695674101589 0.8878248345106841 636000
1695674127711 0.8964351308221619 640000
1695674152676 0.9148097820580006 644000
1695674178869 0.9370786269505819 648000
1695674203253 0.9381986489519477 652000
1695674227547 0.9271096496532361 656000
1695674253924 0.929420600955685 660000
1695674280093 0.9128539425631365 664000
1695674308029 0.9186568909635147 668000
1695674339508 0.9181713464980324 672000
1695674364711 0.8822303942094246 676000
1695674389709 0.9513886962706845 680000
1695674416029 0.9349599534024795 684000
1695674441565 0.9376832200214267 688000
1695674466275 0.8945192244524757 692000
1695674490586 0.9054310768221815 696000
1695674514915 0.9041919454311331 700000
1695674539975 0.9199836170921724 704000
1695674564794 0.9133476952711741 708000
1695674591024 0.9296294119209051 712000
1695674616444 0.9119477218637864 716000
1695674640713 0.9025171884025137 720000
1695674664624 0.9234526510039965 724000
1695674689506 0.9018267768745621 728000
1695674715352 0.9068447816496094 732000
1695674741335 0.9170130095134179 736000
1695674765391 0.9232922137404481 740000
1695674789594 0.9176192755500475 744000
1695674814019 0.940243434968094 748000
1695674838269 0.9160712828238805 752000
1695674862751 0.933054746563236 756000
1695674887081 0.9228667110825578 760000
1695674912708 0.9362117839977145 764000
1695674937810 0.9343494004880388 768000
1695674962033 0.9379268451904257 772000
1695674986096 0.9237727427855134 776000
1695675010456 0.9420291593919198 780000
1695675034660 0.9125007078051567 784000
1695675058946 0.9341071912397941 788000
1695675084026 0.9213382367665569 792000
1695675109927 0.9297765284155806 796000
1695675135632 0.9365470654641589 800000
1695675165017 0.9386454155668617 804000
1695675190885 0.9452591184526682 808000
1695675216761 0.9440691588446498 812000
1695675241507 0.9058258795489867 816000
1695675266198 0.9448767198249698 820000
1695675290912 0.9037220278133948 824000
1695675315141 0.8370552726089955 828000
1695675339991 0.9168134264027079 832000
1695675364468 0.9167765639722347 836000
1695675388740 0.8997086564078927 840000
1695675415126 0.8990241411452492 844000
1695675440342 0.8494502307847143 848000
1695675465774 0.8765670344854395 852000
1695675490951 0.9157638929784297 856000
1695675516159 0.9142036303256948 860000
1695675541891 0.9472390349333485 864000
1695675568625 0.9359622744843363 868000
1695675595635 0.9203037872289618 872000
1695675622787 0.9404141996055841 876000
1695675647784 0.9296050521855553 880000
1695675672237 0.9367363165443142 884000
1695675696725 0.9417432751506567 888000
1695675721322 0.9369862915327152 892000
1695675745747 0.923403391117851 896000
1695675769896 0.9565001137554645 900000
1695675793577 0.942113682317237 904000
1695675817581 0.9477118376021584 908000
1695675841538 0.9414105201760928 912000
1695675865721 0.9460439355423053 916000
