1695672410770 0.029657486858195626 364000
1695672434675 0.009088910410840374 368000
1695672460182 0.003400382118464525 372000
1695672484881 0.012447933837514332 376000
1695672510181 0.002873799839744606 380000
1695672535523 0.0014847814174572705 384000
1695672561451 0.00437071028580552 388000
1695672587194 0.005976299069455611 392000
1695672613169 0.009726782123804394 396000
1695672638796 0.006124561009134292 400000
1695672664329 0.0077597982101603215 404000
1695672689781 0.013058227626606822 408000
1695672716191 0.010197802724602904 412000
1695672741038 0.006910274284139936 416000
1695672764812 0.004238436671494128 420000
1695672788762 0.013633655607251664 424000
1695672812719 0.005381259137569335 428000
1695672836757 0.00542628579811814 432000
1695672860574 0.0059369133630752914 436000
1695672884365 0.003208688470128133 440000
1695672908417 0.00381061085716586 444000
1695672932503 0.007693635090739311 448000
1695672956311 0.005732601808025113 452000
1695672980237 0.008166561966724354 456000
1695673004213 0.010071410179868205 460000
1695673027744 0.003472978417964138 464000
1695673052154 0.003221496467722318 468000
1695673078206 0.012232902155907747 472000
1695673103114 0.00327572776557948 476000
1695673127992 0.0026356322289643685 480000
1695673152890 0.00036229376577428716 484000
1695673177713 0.007390439290156791 488000
1695673202442 0.016907434126308848 492000
1695673229150 0.012879963564167459 496000
1695673257737 0.01745860903271629 500000
1695673285313 0.01665949671344909 504000
1695673312427 0.0267464137476054 508000
1695673340442 0.02918327867616123 512000
1695673365730 0.014585102543909064 516000
1695673391377 0.01611565918501583 520000
1695673415954 0.03763946741431331 524000
1695673440130 0.027732344624625208 528000
1695673464184 0.03217561725517347 532000
1695673488195 0.03669278853243062 536000
1695673512099 0.03481316486092207 540000
1695673536241 0.040386947701335885 544000
1695673560696 0.035996692523379656 548000
1695673585633 0.02814434621735321 552000
1695673610208 0.03771180620436401 556000
1695673635054 0.03105868976175164 560000
1695673659709 0.03241512027646725 564000
1695673684256 0.03590884989049906 568000
1695673708643 0.03404221883198867 572000
1695673732882 0.044910562398339 576000
1695673757772 0.03949959798871229 580000
1695673782390 0.038892696468004334 584000
1695673807537 0.0482667214955048 588000
1695673832070 0.03010254471155349 592000
1695673856225 0.030650401692158387 596000
1695673880544 0.020291645152610727 600000
1695673904933 0.021024004823023763 604000
1695673929416 0.011089283807450556 608000
1695673953773 0.01544919918354329 612000
1695673978562 0.015059562460858917 616000
1695674003105 0.02339688559101584 620000
1695674027416 0.004247126803693391 624000
1695674051580 0.01777149943857997 628000
1695674076418 0.023493597685107184 632000
1695674101589 0.03547092053437761 636000
1695674127711 0.03296977807428145 640000
1695674152676 0.016794001778180245 644000
1695674178869 0.013337591179394318 648000
1695674203253 0.01806806399981724 652000
1695674227547 0.017650824448719505 656000
1695674253924 0.020629423721159886 660000
1695674280093 0.023834263404811887 664000
1695674308029 0.0277797883861543 668000
1695674339507 0.028079655191201407 672000
1695674364711 0.02632156367083856 676000
1695674389709 0.00985594822332132 680000
1695674416029 0.01665110324890217 684000
1695674441565 0.019894543900712356 688000
1695674466274 0.0376294433925068 692000
1695674490586 0.03678834124778708 696000
1695674514915 0.0352927716972772 700000
1695674539975 0.024298431916880265 704000
1695674564794 0.020076004711639447 708000
1695674591024 0.026522049026971216 712000
1695674616444 0.03074941630184185 716000
1695674640712 0.03782535947005575 720000
1695674664624 0.0282648413888334 724000
1695674689506 0.03714306558589063 728000
1695674715351 0.0311767597522703 732000
1695674741335 0.033063418131981354 736000
1695674765391 0.03275854766058425 740000
1695674789594 0.034593887770703685 744000
1695674814018 0.026262012992325858 748000
1695674838269 0.033454617520813676 752000
1695674862751 0.02884652639234749 756000
1695674887081 0.03254535129720656 760000
1695674912708 0.027640117420620905 764000
1695674937810 0.02763467248296365 768000
1695674962033 0.025730432006821503 772000
1695674986096 0.03248948844945213 776000
1695675010455 0.024338964707082293 780000
1695675034660 0.035646712311912174 784000
1695675058945 0.026261049262150966 788000
1695675084025 0.033674856973811985 792000
1695675109927 0.02627490907131384 796000
1695675135632 0.02316484156132598 800000
1695675165016 0.025614179150822262 804000
1695675190885 0.022966750460424616 808000
1695675216761 0.023639622773043812 812000
1695675241507 0.03935676134618309 816000
1695675266198 0.023919067078046887 820000
1695675290912 0.04048692300857511 824000
1695675315141 0.05758542203111574 828000
1695675339991 0.032503182138316336 832000
1695675364468 0.032347693207945366 836000
1695675388740 0.03759589004815401 840000
1695675415126 0.03942247589778466 844000
1695675440342 0.054574712166019404 848000
1695675465774 0.0495268581318669 852000
1695675490951 0.03455673736267879 856000
1695675516158 0.0357890454402271 860000
1695675541891 0.02141868724235489 864000
1695675568624 0.02699327334218348 868000
1695675595635 0.03325620343336292 872000
1695675622786 0.024974863473228956 876000
1695675647784 0.029392458352958784 880000
1695675672237 0.025671666357084177 884000
1695675696724 0.024035204482788685 888000
1695675721322 0.026515499704206982 892000
1695675745746 0.01886983162718631 896000
1695675769895 0.008370580938359733 900000
1695675793576 0.013798253071096648 904000
1695675817580 0.017152546114933404 908000
1695675841538 0.021029327594442294 912000
1695675865721 0.02302552610975302 916000
