1695672410742 0.0 364000
1695672434647 0.0 368000
1695672460155 0.0 372000
1695672484852 0.0 376000
1695672510155 0.0 380000
1695672535495 0.0 384000
1695672561425 0.0 388000
1695672587168 0.0 392000
1695672613144 0.0 396000
1695672638770 0.0 400000
1695672664303 0.0 404000
1695672689757 0.0 408000
1695672716164 0.0 412000
1695672741012 0.0 416000
1695672764786 0.0 420000
1695672788737 0.0 424000
1695672812693 0.0 428000
1695672836732 0.0 432000
1695672860548 0.0 436000
1695672884340 0.0 440000
1695672908391 0.0 444000
1695672932478 0.0 448000
1695672956286 0.0 452000
1695672980211 0.0 456000
1695673004187 0.0 460000
1695673027718 0.0 464000
1695673052129 0.0 468000
1695673078180 0.0 472000
1695673103088 0.0 476000
1695673127965 0.0 480000
1695673152865 0.0 484000
1695673177688 0.0 488000
1695673202415 0.0 492000
1695673229122 0.0 496000
1695673257710 0.0 500000
1695673285287 0.0 504000
1695673312400 0.0 508000
1695673340416 0.0 512000
1695673365705 0.0 516000
1695673391351 0.0 520000
1695673415928 0.0 524000
1695673440104 0.0 528000
1695673464159 0.0 532000
1695673488169 0.0 536000
1695673512073 0.0 540000
1695673536214 0.0 544000
1695673560671 0.0 548000
1695673585606 0.0 552000
1695673610182 0.0 556000
1695673635027 0.0 560000
1695673659683 0.0 564000
1695673684231 0.0 568000
1695673708616 0.0 572000
1695673732856 0.0 576000
1695673757746 0.0 580000
1695673782363 0.0 584000
1695673807510 0.0 588000
1695673832043 0.0 592000
1695673856200 0.0 596000
1695673880518 0.0 600000
1695673904907 0.0 604000
1695673929391 0.0 608000
1695673953746 0.0 612000
1695673978537 0.0 616000
1695674003080 0.0 620000
1695674027390 0.0 624000
1695674051554 0.0 628000
1695674076392 0.0 632000
1695674101562 0.0 636000
1695674127685 0.0 640000
1695674152650 0.0 644000
1695674178843 0.0 648000
1695674203227 0.0 652000
1695674227521 0.0 656000
1695674253897 0.0 660000
1695674280066 0.0 664000
1695674307996 0.0 668000
1695674339481 0.0 672000
1695674364685 0.0 676000
1695674389682 0.0 680000
1695674416003 0.0 684000
1695674441539 0.0 688000
1695674466248 0.0 692000
1695674490560 0.0 696000
1695674514889 0.0 700000
1695674539949 0.0 704000
1695674564767 0.0 708000
1695674590998 0.0 712000
1695674616419 0.0 716000
1695674640686 0.0 720000
1695674664598 0.0 724000
1695674689479 0.0 728000
1695674715324 0.0 732000
1695674741309 0.0 736000
1695674765365 0.0 740000
1695674789567 0.0 744000
1695674813992 0.0 748000
1695674838243 0.0 752000
1695674862725 0.0 756000
1695674887054 0.0 760000
1695674912681 0.0 764000
1695674937784 0.0 768000
1695674962007 0.0 772000
1695674986071 0.0 776000
1695675010429 0.0 780000
1695675034634 0.0 784000
1695675058920 0.0 788000
1695675084000 0.0 792000
1695675109900 0.0 796000
1695675135603 0.0 800000
1695675164990 0.0 804000
1695675190859 0.0 808000
1695675216735 0.0 812000
1695675241481 0.0 816000
1695675266173 0.0 820000
1695675290886 0.0 824000
1695675315115 0.0 828000
1695675339964 0.0 832000
1695675364441 0.0 836000
1695675388714 0.0 840000
1695675415099 0.0 844000
1695675440316 0.0 848000
1695675465749 0.0 852000
1695675490925 0.0 856000
1695675516133 0.0 860000
1695675541865 0.0 864000
1695675568599 0.0 868000
1695675595608 0.0 872000
1695675622760 0.0 876000
1695675647758 0.0 880000
1695675672211 0.0 884000
1695675696698 0.0 888000
1695675721296 0.0 892000
1695675745720 0.0 896000
1695675769869 0.0 900000
1695675793550 0.0 904000
1695675817555 0.0 908000
1695675841512 0.0 912000
1695675865695 0.0 916000
