1695672410742 1.0 364000
1695672434647 1.0 368000
1695672460155 1.0 372000
1695672484852 1.0 376000
1695672510155 1.0 380000
1695672535495 1.0 384000
1695672561425 1.0 388000
1695672587169 1.0 392000
1695672613144 1.0 396000
1695672638771 1.0 400000
1695672664303 1.0 404000
1695672689757 1.0 408000
1695672716165 1.0 412000
1695672741012 1.0 416000
1695672764786 1.0 420000
1695672788737 1.0 424000
1695672812693 1.0 428000
1695672836732 1.0 432000
1695672860549 1.0 436000
1695672884341 1.0 440000
1695672908391 1.0 444000
1695672932478 1.0 448000
1695672956286 1.0 452000
1695672980212 1.0 456000
1695673004187 1.0 460000
1695673027718 1.0 464000
1695673052129 1.0 468000
1695673078180 1.0 472000
1695673103088 1.0 476000
1695673127965 1.0 480000
1695673152865 1.0 484000
1695673177688 1.0 488000
1695673202415 1.0 492000
1695673229122 1.0 496000
1695673257711 1.0 500000
1695673285287 1.0 504000
1695673312400 1.0 508000
1695673340416 1.0 512000
1695673365705 1.0 516000
1695673391352 1.0 520000
1695673415928 1.0 524000
1695673440104 1.0 528000
1695673464159 1.0 532000
1695673488170 1.0 536000
1695673512073 1.0 540000
1695673536214 1.0 544000
1695673560671 1.0 548000
1695673585606 1.0 552000
1695673610182 1.0 556000
1695673635028 1.0 560000
1695673659683 1.0 564000
1695673684231 1.0 568000
1695673708616 1.0 572000
1695673732856 1.0 576000
1695673757746 1.0 580000
1695673782364 1.0 584000
1695673807510 1.0 588000
1695673832044 1.0 592000
1695673856200 1.0 596000
1695673880518 1.0 600000
1695673904907 1.0 604000
1695673929391 1.0 608000
1695673953746 1.0 612000
1695673978537 1.0 616000
1695674003080 1.0 620000
1695674027391 1.0 624000
1695674051554 1.0 628000
1695674076392 1.0 632000
1695674101562 1.0 636000
1695674127685 1.0 640000
1695674152650 1.0 644000
1695674178843 1.0 648000
1695674203227 1.0 652000
1695674227522 1.0 656000
1695674253898 1.0 660000
1695674280066 1.0 664000
1695674307997 1.0 668000
1695674339482 1.0 672000
1695674364685 1.0 676000
1695674389682 1.0 680000
1695674416003 1.0 684000
1695674441540 1.0 688000
1695674466248 1.0 692000
1695674490560 1.0 696000
1695674514889 1.0 700000
1695674539950 1.0 704000
1695674564768 1.0 708000
1695674590998 1.0 712000
1695674616419 1.0 716000
1695674640686 1.0 720000
1695674664599 1.0 724000
1695674689480 1.0 728000
1695674715324 1.0 732000
1695674741309 1.0 736000
1695674765365 1.0 740000
1695674789568 1.0 744000
1695674813992 1.0 748000
1695674838244 1.0 752000
1695674862725 1.0 756000
1695674887055 1.0 760000
1695674912681 1.0 764000
1695674937784 1.0 768000
1695674962007 1.0 772000
1695674986071 1.0 776000
1695675010429 1.0 780000
1695675034634 1.0 784000
1695675058920 1.0 788000
1695675084000 1.0 792000
1695675109900 1.0 796000
1695675135603 1.0 800000
1695675164990 1.0 804000
1695675190859 1.0 808000
1695675216735 1.0 812000
1695675241481 1.0 816000
1695675266173 1.0 820000
1695675290886 1.0 824000
1695675315115 1.0 828000
1695675339964 1.0 832000
1695675364441 1.0 836000
1695675388715 1.0 840000
1695675415100 1.0 844000
1695675440316 1.0 848000
1695675465749 1.0 852000
1695675490926 1.0 856000
1695675516133 1.0 860000
1695675541865 1.0 864000
1695675568599 1.0 868000
1695675595608 1.0 872000
1695675622761 1.0 876000
1695675647758 1.0 880000
1695675672211 1.0 884000
1695675696698 1.0 888000
1695675721296 1.0 892000
1695675745720 1.0 896000
1695675769869 1.0 900000
1695675793551 1.0 904000
1695675817555 1.0 908000
1695675841512 1.0 912000
1695675865695 1.0 916000
