1695672410741 0.0 364000
1695672434646 0.0 368000
1695672460154 0.0 372000
1695672484852 0.0 376000
1695672510154 0.0 380000
1695672535494 0.0 384000
1695672561424 0.0 388000
1695672587168 0.0 392000
1695672613143 0.0 396000
1695672638770 0.0 400000
1695672664302 0.0 404000
1695672689756 0.0 408000
1695672716164 0.0 412000
1695672741011 0.0 416000
1695672764786 0.0 420000
1695672788736 0.0 424000
1695672812692 0.0 428000
1695672836732 0.0 432000
1695672860548 0.0 436000
1695672884340 0.0 440000
1695672908391 0.0 444000
1695672932477 0.0 448000
1695672956285 0.0 452000
1695672980211 0.0 456000
1695673004186 0.0 460000
1695673027717 0.0 464000
1695673052128 0.0 468000
1695673078179 0.0 472000
1695673103088 0.0 476000
1695673127964 0.0 480000
1695673152864 0.0 484000
1695673177688 0.0 488000
1695673202414 0.0 492000
1695673229121 0.0 496000
1695673257710 0.0 500000
1695673285286 0.0 504000
1695673312400 0.0 508000
1695673340415 0.0 512000
1695673365704 0.0 516000
1695673391351 0.0 520000
1695673415927 0.0 524000
1695673440103 0.0 528000
1695673464158 0.0 532000
1695673488169 0.0 536000
1695673512072 0.0 540000
1695673536214 0.0 544000
1695673560670 0.0 548000
1695673585606 0.0 552000
1695673610181 0.0 556000
1695673635027 0.0 560000
1695673659683 0.0 564000
1695673684230 0.0 568000
1695673708616 0.0 572000
1695673732856 0.0 576000
1695673757745 0.0 580000
1695673782363 0.0 584000
1695673807510 0.0 588000
1695673832043 0.0 592000
1695673856199 0.0 596000
1695673880518 0.0 600000
1695673904906 0.0 604000
1695673929390 0.0 608000
1695673953745 0.0 612000
1695673978536 0.0 616000
1695674003079 0.0 620000
1695674027390 0.0 624000
1695674051553 0.0 628000
1695674076391 0.0 632000
1695674101561 0.0 636000
1695674127684 0.0 640000
1695674152649 0.0 644000
1695674178842 0.0 648000
1695674203226 0.0 652000
1695674227521 0.0 656000
1695674253897 0.0 660000
1695674280065 0.0 664000
1695674307996 0.0 668000
1695674339481 0.0 672000
1695674364685 0.0 676000
1695674389681 0.0 680000
1695674416003 0.0 684000
1695674441539 0.0 688000
1695674466247 0.0 692000
1695674490559 0.0 696000
1695674514888 0.0 700000
1695674539949 0.0 704000
1695674564767 0.0 708000
1695674590997 0.0 712000
1695674616418 0.0 716000
1695674640686 0.0 720000
1695674664598 0.0 724000
1695674689479 0.0 728000
1695674715323 0.0 732000
1695674741308 0.0 736000
1695674765365 0.0 740000
1695674789567 0.0 744000
1695674813991 0.0 748000
1695674838243 0.0 752000
1695674862724 0.0 756000
1695674887054 0.0 760000
1695674912681 0.0 764000
1695674937783 0.0 768000
1695674962006 0.0 772000
1695674986070 0.0 776000
1695675010428 0.0 780000
1695675034634 0.0 784000
1695675058919 0.0 788000
1695675083999 0.0 792000
1695675109899 0.0 796000
1695675135602 0.0 800000
1695675164989 0.0 804000
1695675190859 0.0 808000
1695675216734 0.0 812000
1695675241481 0.0 816000
1695675266172 0.0 820000
1695675290886 0.0 824000
1695675315115 0.0 828000
1695675339963 0.0 832000
1695675364440 0.0 836000
1695675388714 0.0 840000
1695675415099 0.0 844000
1695675440315 0.0 848000
1695675465748 0.0 852000
1695675490925 0.0 856000
1695675516132 0.0 860000
1695675541864 0.0 864000
1695675568598 0.0 868000
1695675595608 0.0 872000
1695675622760 0.0 876000
1695675647757 0.0 880000
1695675672210 0.0 884000
1695675696698 0.0 888000
1695675721295 0.0 892000
1695675745720 0.0 896000
1695675769869 0.0 900000
1695675793550 0.0 904000
1695675817555 0.0 908000
1695675841512 0.0 912000
1695675865694 0.0 916000
