1695672410729 0.0 364000
1695672434633 0.0 368000
1695672460141 0.0 372000
1695672484839 0.0 376000
1695672510142 0.0 380000
1695672535479 0.0 384000
1695672561412 0.0 388000
1695672587156 0.0 392000
1695672613131 0.0 396000
1695672638757 0.0 400000
1695672664289 0.0 404000
1695672689744 0.0 408000
1695672716151 0.0 412000
1695672740997 0.0 416000
1695672764773 0.0 420000
1695672788724 0.0 424000
1695672812681 0.0 428000
1695672836720 0.0 432000
1695672860536 0.0 436000
1695672884328 0.0 440000
1695672908378 0.0 444000
1695672932465 0.0 448000
1695672956273 0.0 452000
1695672980199 0.0 456000
1695673004174 0.0 460000
1695673027705 0.0 464000
1695673052116 0.0 468000
1695673078167 0.0 472000
1695673103075 0.0 476000
1695673127951 0.0 480000
1695673152852 0.0 484000
1695673177676 0.0 488000
1695673202402 0.0 492000
1695673229107 0.0 496000
1695673257697 0.0 500000
1695673285274 0.0 504000
1695673312387 0.0 508000
1695673340403 0.0 512000
1695673365693 0.0 516000
1695673391339 0.0 520000
1695673415914 0.0 524000
1695673440091 0.0 528000
1695673464146 0.0 532000
1695673488156 0.0 536000
1695673512060 0.0 540000
1695673536201 0.0 544000
1695673560658 0.0 548000
1695673585594 0.0 552000
1695673610168 0.0 556000
1695673635014 0.0 560000
1695673659670 0.0 564000
1695673684218 0.0 568000
1695673708603 0.0 572000
1695673732843 0.0 576000
1695673757733 0.0 580000
1695673782351 0.0 584000
1695673807497 0.0 588000
1695673832030 0.0 592000
1695673856187 0.0 596000
1695673880505 0.0 600000
1695673904894 0.0 604000
1695673929378 0.0 608000
1695673953733 0.0 612000
1695673978524 0.0 616000
1695674003068 0.0 620000
1695674027377 0.0 624000
1695674051541 0.0 628000
1695674076379 0.0 632000
1695674101549 0.0 636000
1695674127672 0.0 640000
1695674152637 0.0 644000
1695674178830 0.0 648000
1695674203214 0.0 652000
1695674227509 0.0 656000
1695674253884 0.0 660000
1695674280052 0.0 664000
1695674307981 0.0 668000
1695674339468 0.0 672000
1695674364672 0.0 676000
1695674389668 0.0 680000
1695674415990 0.0 684000
1695674441527 0.0 688000
1695674466235 0.0 692000
1695674490547 0.0 696000
1695674514876 0.0 700000
1695674539937 0.0 704000
1695674564755 0.0 708000
1695674590984 0.0 712000
1695674616406 0.0 716000
1695674640673 0.0 720000
1695674664586 0.0 724000
1695674689466 0.0 728000
1695674715310 0.0 732000
1695674741296 0.0 736000
1695674765352 0.0 740000
1695674789555 0.0 744000
1695674813979 0.0 748000
1695674838231 0.0 752000
1695674862712 0.0 756000
1695674887042 0.0 760000
1695674912669 0.0 764000
1695674937771 0.0 768000
1695674961994 0.0 772000
1695674986058 0.0 776000
1695675010416 0.0 780000
1695675034621 0.0 784000
1695675058907 0.0 788000
1695675083987 0.0 792000
1695675109887 0.0 796000
1695675135585 0.0 800000
1695675164977 0.0 804000
1695675190847 0.0 808000
1695675216722 0.0 812000
1695675241468 0.0 816000
1695675266160 0.0 820000
1695675290874 0.0 824000
1695675315102 0.0 828000
1695675339950 0.0 832000
1695675364427 0.0 836000
1695675388702 0.0 840000
1695675415086 0.0 844000
1695675440303 0.0 848000
1695675465736 0.0 852000
1695675490913 0.0 856000
1695675516120 0.0 860000
1695675541852 0.0 864000
1695675568586 0.0 868000
1695675595595 0.0 872000
1695675622748 0.0 876000
1695675647745 0.0 880000
1695675672198 0.0 884000
1695675696685 0.0 888000
1695675721282 0.0 892000
1695675745707 0.0 896000
1695675769856 0.0 900000
1695675793538 0.0 904000
1695675817542 0.0 908000
1695675841499 0.0 912000
1695675865682 0.0 916000
