1695672410735 0.0 364000
1695672434639 0.0 368000
1695672460147 0.0 372000
1695672484845 0.0 376000
1695672510148 0.0 380000
1695672535487 0.0 384000
1695672561418 0.0 388000
1695672587162 0.0 392000
1695672613136 0.0 396000
1695672638763 0.0 400000
1695672664295 0.0 404000
1695672689750 0.0 408000
1695672716157 0.0 412000
1695672741003 0.0 416000
1695672764779 0.0 420000
1695672788730 0.0 424000
1695672812686 0.0 428000
1695672836726 0.0 432000
1695672860542 0.0 436000
1695672884334 0.0 440000
1695672908384 0.0 444000
1695672932471 0.0 448000
1695672956279 0.0 452000
1695672980204 0.0 456000
1695673004180 0.0 460000
1695673027711 0.0 464000
1695673052122 0.0 468000
1695673078173 0.0 472000
1695673103081 0.0 476000
1695673127958 0.0 480000
1695673152858 0.0 484000
1695673177681 0.0 488000
1695673202408 0.0 492000
1695673229114 0.0 496000
1695673257703 0.0 500000
1695673285280 0.0 504000
1695673312393 0.0 508000
1695673340409 0.0 512000
1695673365698 0.0 516000
1695673391344 0.0 520000
1695673415921 0.0 524000
1695673440097 0.0 528000
1695673464152 0.0 532000
1695673488162 0.0 536000
1695673512066 0.0 540000
1695673536207 0.0 544000
1695673560663 0.0 548000
1695673585599 0.0 552000
1695673610174 0.0 556000
1695673635020 0.0 560000
1695673659676 0.0 564000
1695673684224 0.0 568000
1695673708609 0.0 572000
1695673732849 0.0 576000
1695673757739 0.0 580000
1695673782356 0.0 584000
1695673807503 0.0 588000
1695673832036 0.0 592000
1695673856193 0.0 596000
1695673880511 0.0 600000
1695673904900 0.0 604000
1695673929384 0.0 608000
1695673953738 0.0 612000
1695673978530 0.0 616000
1695674003073 0.0 620000
1695674027383 0.0 624000
1695674051547 0.0 628000
1695674076385 0.0 632000
1695674101555 0.0 636000
1695674127678 0.0 640000
1695674152643 0.0 644000
1695674178835 0.0 648000
1695674203220 0.0 652000
1695674227514 0.0 656000
1695674253890 0.0 660000
1695674280059 0.0 664000
1695674307988 0.0 668000
1695674339474 0.0 672000
1695674364678 0.0 676000
1695674389675 0.0 680000
1695674415996 0.0 684000
1695674441532 0.0 688000
1695674466241 0.0 692000
1695674490553 0.0 696000
1695674514882 0.0 700000
1695674539942 0.0 704000
1695674564760 0.0 708000
1695674590990 0.0 712000
1695674616412 0.0 716000
1695674640679 0.0 720000
1695674664592 0.0 724000
1695674689472 0.0 728000
1695674715316 0.0 732000
1695674741302 0.0 736000
1695674765358 0.0 740000
1695674789561 0.0 744000
1695674813985 0.0 748000
1695674838236 0.0 752000
1695674862718 0.0 756000
1695674887047 0.0 760000
1695674912674 0.0 764000
1695674937777 0.0 768000
1695674962000 0.0 772000
1695674986063 0.0 776000
1695675010422 0.0 780000
1695675034627 0.0 784000
1695675058913 0.0 788000
1695675083993 0.0 792000
1695675109893 0.0 796000
1695675135593 0.0 800000
1695675164983 0.0 804000
1695675190852 0.0 808000
1695675216728 0.0 812000
1695675241474 0.0 816000
1695675266166 0.0 820000
1695675290879 0.0 824000
1695675315108 0.0 828000
1695675339956 0.0 832000
1695675364433 0.0 836000
1695675388707 0.0 840000
1695675415092 0.0 844000
1695675440309 0.0 848000
1695675465742 0.0 852000
1695675490919 0.0 856000
1695675516126 0.0 860000
1695675541858 0.0 864000
1695675568591 0.0 868000
1695675595601 0.0 872000
1695675622753 0.0 876000
1695675647751 0.0 880000
1695675672204 0.0 884000
1695675696691 0.0 888000
1695675721288 0.0 892000
1695675745713 0.0 896000
1695675769862 0.0 900000
1695675793543 0.0 904000
1695675817548 0.0 908000
1695675841505 0.0 912000
1695675865688 0.0 916000
