1695672410746 0.0 364000
1695672434651 0.0 368000
1695672460159 0.0 372000
1695672484858 0.0 376000
1695672510159 0.0 380000
1695672535499 0.0 384000
1695672561429 0.0 388000
1695672587172 0.0 392000
1695672613148 0.0 396000
1695672638774 0.0 400000
1695672664307 0.0 404000
1695672689761 0.0 408000
1695672716169 0.0 412000
1695672741016 0.0 416000
1695672764790 0.0 420000
1695672788741 0.0 424000
1695672812697 0.0 428000
1695672836736 0.0 432000
1695672860552 0.0 436000
1695672884344 0.0 440000
1695672908395 0.0 444000
1695672932482 0.0 448000
1695672956290 0.0 452000
1695672980215 0.0 456000
1695673004191 0.0 460000
1695673027722 0.0 464000
1695673052132 0.0 468000
1695673078184 0.0 472000
1695673103092 0.0 476000
1695673127969 0.0 480000
1695673152869 0.0 484000
1695673177692 0.0 488000
1695673202419 0.0 492000
1695673229126 0.0 496000
1695673257714 0.0 500000
1695673285291 0.0 504000
1695673312405 0.0 508000
1695673340420 0.0 512000
1695673365709 0.0 516000
1695673391355 0.0 520000
1695673415932 0.0 524000
1695673440108 0.0 528000
1695673464162 0.0 532000
1695673488173 0.0 536000
1695673512077 0.0 540000
1695673536218 0.0 544000
1695673560674 0.0 548000
1695673585610 0.0 552000
1695673610186 0.0 556000
1695673635031 0.0 560000
1695673659687 0.0 564000
1695673684235 0.0 568000
1695673708620 0.0 572000
1695673732860 0.0 576000
1695673757750 0.0 580000
1695673782367 0.0 584000
1695673807514 0.0 588000
1695673832047 0.0 592000
1695673856204 0.0 596000
1695673880522 0.0 600000
1695673904911 0.0 604000
1695673929395 0.0 608000
1695673953750 0.0 612000
1695673978541 0.0 616000
1695674003084 0.0 620000
1695674027394 0.0 624000
1695674051558 0.0 628000
1695674076396 0.0 632000
1695674101566 0.0 636000
1695674127689 0.0 640000
1695674152654 0.0 644000
1695674178847 0.0 648000
1695674203231 0.0 652000
1695674227525 0.0 656000
1695674253901 0.0 660000
1695674280070 0.0 664000
1695674308001 0.0 668000
1695674339486 0.0 672000
1695674364689 0.0 676000
1695674389686 0.0 680000
1695674416007 0.0 684000
1695674441543 0.0 688000
1695674466252 0.0 692000
1695674490564 0.0 696000
1695674514893 0.0 700000
1695674539953 0.0 704000
1695674564772 0.0 708000
1695674591002 0.0 712000
1695674616422 0.0 716000
1695674640690 0.0 720000
1695674664602 0.0 724000
1695674689483 0.0 728000
1695674715328 0.0 732000
1695674741313 0.0 736000
1695674765369 0.0 740000
1695674789572 0.0 744000
1695674813996 0.0 748000
1695674838247 0.0 752000
1695674862729 0.0 756000
1695674887059 0.0 760000
1695674912685 0.0 764000
1695674937788 0.0 768000
1695674962011 0.0 772000
1695674986074 0.0 776000
1695675010433 0.0 780000
1695675034638 0.0 784000
1695675058924 0.0 788000
1695675084003 0.0 792000
1695675109904 0.0 796000
1695675135607 0.0 800000
1695675164994 0.0 804000
1695675190863 0.0 808000
1695675216739 0.0 812000
1695675241485 0.0 816000
1695675266177 0.0 820000
1695675290891 0.0 824000
1695675315119 0.0 828000
1695675339968 0.0 832000
1695675364445 0.0 836000
1695675388718 0.0 840000
1695675415103 0.0 844000
1695675440320 0.0 848000
1695675465753 0.0 852000
1695675490929 0.0 856000
1695675516137 0.0 860000
1695675541869 0.0 864000
1695675568603 0.0 868000
1695675595612 0.0 872000
1695675622765 0.0 876000
1695675647762 0.0 880000
1695675672215 0.0 884000
1695675696702 0.0 888000
1695675721300 0.0 892000
1695675745724 0.0 896000
1695675769873 0.0 900000
1695675793555 0.0 904000
1695675817559 0.0 908000
1695675841516 0.0 912000
1695675865699 0.0 916000
