1695672410740 60.0 364000
1695672434645 60.0 368000
1695672460153 60.0 372000
1695672484851 60.0 376000
1695672510153 60.0 380000
1695672535493 60.0 384000
1695672561423 60.0 388000
1695672587167 60.0 392000
1695672613142 60.0 396000
1695672638769 60.0 400000
1695672664301 60.0 404000
1695672689755 60.0 408000
1695672716163 60.0 412000
1695672741010 60.0 416000
1695672764785 60.0 420000
1695672788735 60.0 424000
1695672812691 60.0 428000
1695672836731 60.0 432000
1695672860547 60.0 436000
1695672884339 60.0 440000
1695672908390 60.0 444000
1695672932476 60.0 448000
1695672956284 60.0 452000
1695672980210 60.0 456000
1695673004185 60.0 460000
1695673027716 60.0 464000
1695673052127 60.0 468000
1695673078178 60.0 472000
1695673103086 60.0 476000
1695673127963 60.0 480000
1695673152863 60.0 484000
1695673177687 60.0 488000
1695673202413 60.0 492000
1695673229120 60.0 496000
1695673257709 60.0 500000
1695673285285 60.0 504000
1695673312399 60.0 508000
1695673340414 60.0 512000
1695673365703 60.0 516000
1695673391350 60.0 520000
1695673415926 60.0 524000
1695673440102 60.0 528000
1695673464157 60.0 532000
1695673488168 60.0 536000
1695673512071 60.0 540000
1695673536213 60.0 544000
1695673560669 60.0 548000
1695673585605 60.0 552000
1695673610180 60.0 556000
1695673635026 60.0 560000
1695673659682 60.0 564000
1695673684229 60.0 568000
1695673708615 60.0 572000
1695673732855 60.0 576000
1695673757744 60.0 580000
1695673782362 60.0 584000
1695673807509 60.0 588000
1695673832042 60.0 592000
1695673856198 60.0 596000
1695673880517 60.0 600000
1695673904905 60.0 604000
1695673929389 60.0 608000
1695673953744 60.0 612000
1695673978535 60.0 616000
1695674003079 60.0 620000
1695674027388 60.0 624000
1695674051552 60.0 628000
1695674076390 60.0 632000
1695674101560 60.0 636000
1695674127683 60.0 640000
1695674152648 60.0 644000
1695674178841 60.0 648000
1695674203225 60.0 652000
1695674227520 60.0 656000
1695674253896 60.0 660000
1695674280064 60.0 664000
1695674307995 60.0 668000
1695674339480 60.0 672000
1695674364684 60.0 676000
1695674389680 60.0 680000
1695674416002 60.0 684000
1695674441538 60.0 688000
1695674466246 60.0 692000
1695674490558 60.0 696000
1695674514887 60.0 700000
1695674539948 60.0 704000
1695674564766 60.0 708000
1695674590996 60.0 712000
1695674616417 60.0 716000
1695674640685 60.0 720000
1695674664597 60.0 724000
1695674689478 60.0 728000
1695674715322 60.0 732000
1695674741307 60.0 736000
1695674765364 60.0 740000
1695674789566 60.0 744000
1695674813990 60.0 748000
1695674838242 60.0 752000
1695674862723 60.0 756000
1695674887053 60.0 760000
1695674912680 60.0 764000
1695674937782 60.0 768000
1695674962005 60.0 772000
1695674986069 60.0 776000
1695675010427 60.0 780000
1695675034633 60.0 784000
1695675058918 60.0 788000
1695675083998 60.0 792000
1695675109898 60.0 796000
1695675135600 60.0 800000
1695675164988 60.0 804000
1695675190857 60.0 808000
1695675216733 60.0 812000
1695675241480 60.0 816000
1695675266171 60.0 820000
1695675290885 60.0 824000
1695675315113 60.0 828000
1695675339962 60.0 832000
1695675364439 60.0 836000
1695675388713 60.0 840000
1695675415097 60.0 844000
1695675440314 60.0 848000
1695675465747 60.0 852000
1695675490924 60.0 856000
1695675516131 60.0 860000
1695675541863 60.0 864000
1695675568597 60.0 868000
1695675595607 60.0 872000
1695675622759 60.0 876000
1695675647756 60.0 880000
1695675672209 60.0 884000
1695675696697 60.0 888000
1695675721294 60.0 892000
1695675745719 60.0 896000
1695675769868 60.0 900000
1695675793549 60.0 904000
1695675817554 60.0 908000
1695675841511 60.0 912000
1695675865693 60.0 916000
