1695672410730 20.0 364000
1695672434634 20.0 368000
1695672460143 20.0 372000
1695672484840 20.0 376000
1695672510143 20.0 380000
1695672535481 20.0 384000
1695672561413 20.0 388000
1695672587157 20.0 392000
1695672613132 20.0 396000
1695672638758 20.0 400000
1695672664291 20.0 404000
1695672689745 20.0 408000
1695672716152 20.0 412000
1695672740999 20.0 416000
1695672764775 20.0 420000
1695672788725 20.0 424000
1695672812682 20.0 428000
1695672836721 20.0 432000
1695672860537 20.0 436000
1695672884329 20.0 440000
1695672908380 20.0 444000
1695672932466 20.0 448000
1695672956274 20.0 452000
1695672980200 20.0 456000
1695673004175 20.0 460000
1695673027706 20.0 464000
1695673052117 20.0 468000
1695673078168 20.0 472000
1695673103076 20.0 476000
1695673127953 20.0 480000
1695673152853 20.0 484000
1695673177677 20.0 488000
1695673202403 20.0 492000
1695673229108 20.0 496000
1695673257698 20.0 500000
1695673285275 20.0 504000
1695673312388 20.0 508000
1695673340404 20.0 512000
1695673365694 20.0 516000
1695673391340 20.0 520000
1695673415916 20.0 524000
1695673440092 20.0 528000
1695673464147 20.0 532000
1695673488157 20.0 536000
1695673512061 20.0 540000
1695673536202 20.0 544000
1695673560659 20.0 548000
1695673585595 20.0 552000
1695673610170 20.0 556000
1695673635016 20.0 560000
1695673659671 20.0 564000
1695673684219 20.0 568000
1695673708604 20.0 572000
1695673732845 20.0 576000
1695673757734 20.0 580000
1695673782352 20.0 584000
1695673807498 20.0 588000
1695673832032 20.0 592000
1695673856188 20.0 596000
1695673880506 20.0 600000
1695673904895 20.0 604000
1695673929379 20.0 608000
1695673953734 20.0 612000
1695673978525 20.0 616000
1695674003069 20.0 620000
1695674027378 20.0 624000
1695674051543 20.0 628000
1695674076380 20.0 632000
1695674101550 20.0 636000
1695674127673 20.0 640000
1695674152639 20.0 644000
1695674178831 20.0 648000
1695674203215 20.0 652000
1695674227510 20.0 656000
1695674253886 20.0 660000
1695674280054 20.0 664000
1695674307983 20.0 668000
1695674339470 20.0 672000
1695674364674 20.0 676000
1695674389670 20.0 680000
1695674415991 20.0 684000
1695674441528 20.0 688000
1695674466236 20.0 692000
1695674490548 20.0 696000
1695674514878 20.0 700000
1695674539938 20.0 704000
1695674564756 20.0 708000
1695674590985 20.0 712000
1695674616407 20.0 716000
1695674640674 20.0 720000
1695674664587 20.0 724000
1695674689468 20.0 728000
1695674715312 20.0 732000
1695674741297 20.0 736000
1695674765354 20.0 740000
1695674789556 20.0 744000
1695674813980 20.0 748000
1695674838232 20.0 752000
1695674862713 20.0 756000
1695674887043 20.0 760000
1695674912670 20.0 764000
1695674937772 20.0 768000
1695674961995 20.0 772000
1695674986059 20.0 776000
1695675010417 20.0 780000
1695675034622 20.0 784000
1695675058908 20.0 788000
1695675083988 20.0 792000
1695675109888 20.0 796000
1695675135587 20.0 800000
1695675164978 20.0 804000
1695675190848 20.0 808000
1695675216723 20.0 812000
1695675241470 20.0 816000
1695675266162 20.0 820000
1695675290875 20.0 824000
1695675315104 20.0 828000
1695675339952 20.0 832000
1695675364428 20.0 836000
1695675388703 20.0 840000
1695675415087 20.0 844000
1695675440304 20.0 848000
1695675465737 20.0 852000
1695675490914 20.0 856000
1695675516121 20.0 860000
1695675541853 20.0 864000
1695675568587 20.0 868000
1695675595596 20.0 872000
1695675622749 20.0 876000
1695675647746 20.0 880000
1695675672200 20.0 884000
1695675696686 20.0 888000
1695675721284 20.0 892000
1695675745709 20.0 896000
1695675769858 20.0 900000
1695675793539 20.0 904000
1695675817543 20.0 908000
1695675841500 20.0 912000
1695675865683 20.0 916000
