1695672410732 1.0 364000
1695672434636 1.0 368000
1695672460144 1.0 372000
1695672484842 1.0 376000
1695672510145 1.0 380000
1695672535484 1.0 384000
1695672561415 1.0 388000
1695672587159 1.0 392000
1695672613134 1.0 396000
1695672638760 1.0 400000
1695672664293 1.0 404000
1695672689747 1.0 408000
1695672716154 1.0 412000
1695672741000 1.0 416000
1695672764776 1.0 420000
1695672788727 1.0 424000
1695672812684 1.0 428000
1695672836723 1.0 432000
1695672860539 1.0 436000
1695672884331 1.0 440000
1695672908381 1.0 444000
1695672932468 1.0 448000
1695672956276 1.0 452000
1695672980202 1.0 456000
1695673004177 1.0 460000
1695673027708 1.0 464000
1695673052119 1.0 468000
1695673078170 1.0 472000
1695673103078 1.0 476000
1695673127954 1.0 480000
1695673152855 1.0 484000
1695673177679 1.0 488000
1695673202405 1.0 492000
1695673229110 1.0 496000
1695673257700 1.0 500000
1695673285277 1.0 504000
1695673312390 1.0 508000
1695673340406 1.0 512000
1695673365696 1.0 516000
1695673391342 1.0 520000
1695673415918 1.0 524000
1695673440094 1.0 528000
1695673464149 1.0 532000
1695673488159 1.0 536000
1695673512063 1.0 540000
1695673536204 1.0 544000
1695673560661 1.0 548000
1695673585597 1.0 552000
1695673610172 1.0 556000
1695673635018 1.0 560000
1695673659673 1.0 564000
1695673684221 1.0 568000
1695673708606 1.0 572000
1695673732846 1.0 576000
1695673757736 1.0 580000
1695673782354 1.0 584000
1695673807500 1.0 588000
1695673832033 1.0 592000
1695673856190 1.0 596000
1695673880508 1.0 600000
1695673904897 1.0 604000
1695673929381 1.0 608000
1695673953735 1.0 612000
1695673978527 1.0 616000
1695674003071 1.0 620000
1695674027380 1.0 624000
1695674051545 1.0 628000
1695674076382 1.0 632000
1695674101552 1.0 636000
1695674127675 1.0 640000
1695674152640 1.0 644000
1695674178833 1.0 648000
1695674203217 1.0 652000
1695674227512 1.0 656000
1695674253888 1.0 660000
1695674280056 1.0 664000
1695674307985 1.0 668000
1695674339472 1.0 672000
1695674364675 1.0 676000
1695674389672 1.0 680000
1695674415993 1.0 684000
1695674441530 1.0 688000
1695674466238 1.0 692000
1695674490550 1.0 696000
1695674514879 1.0 700000
1695674539940 1.0 704000
1695674564758 1.0 708000
1695674590987 1.0 712000
1695674616409 1.0 716000
1695674640676 1.0 720000
1695674664589 1.0 724000
1695674689470 1.0 728000
1695674715314 1.0 732000
1695674741299 1.0 736000
1695674765355 1.0 740000
1695674789558 1.0 744000
1695674813982 1.0 748000
1695674838234 1.0 752000
1695674862715 1.0 756000
1695674887045 1.0 760000
1695674912672 1.0 764000
1695674937774 1.0 768000
1695674961997 1.0 772000
1695674986061 1.0 776000
1695675010419 1.0 780000
1695675034624 1.0 784000
1695675058910 1.0 788000
1695675083990 1.0 792000
1695675109890 1.0 796000
1695675135589 1.0 800000
1695675164980 1.0 804000
1695675190850 1.0 808000
1695675216725 1.0 812000
1695675241471 1.0 816000
1695675266163 1.0 820000
1695675290877 1.0 824000
1695675315105 1.0 828000
1695675339953 1.0 832000
1695675364430 1.0 836000
1695675388705 1.0 840000
1695675415089 1.0 844000
1695675440306 1.0 848000
1695675465739 1.0 852000
1695675490916 1.0 856000
1695675516123 1.0 860000
1695675541855 1.0 864000
1695675568589 1.0 868000
1695675595598 1.0 872000
1695675622751 1.0 876000
1695675647748 1.0 880000
1695675672201 1.0 884000
1695675696688 1.0 888000
1695675721286 1.0 892000
1695675745710 1.0 896000
1695675769859 1.0 900000
1695675793541 1.0 904000
1695675817545 1.0 908000
1695675841502 1.0 912000
1695675865685 1.0 916000
