1695672410733 0.0 364000
1695672434637 0.0 368000
1695672460146 0.0 372000
1695672484843 0.0 376000
1695672510146 0.0 380000
1695672535485 0.0 384000
1695672561416 0.0 388000
1695672587160 0.0 392000
1695672613135 0.0 396000
1695672638761 0.0 400000
1695672664294 0.0 404000
1695672689748 0.0 408000
1695672716155 0.0 412000
1695672741002 0.0 416000
1695672764778 0.0 420000
1695672788728 0.0 424000
1695672812685 0.0 428000
1695672836724 0.0 432000
1695672860540 0.0 436000
1695672884332 0.0 440000
1695672908383 0.0 444000
1695672932469 0.0 448000
1695672956277 0.0 452000
1695672980203 0.0 456000
1695673004178 0.0 460000
1695673027709 0.0 464000
1695673052120 0.0 468000
1695673078171 0.0 472000
1695673103079 0.0 476000
1695673127956 0.0 480000
1695673152856 0.0 484000
1695673177680 0.0 488000
1695673202406 0.0 492000
1695673229111 0.0 496000
1695673257702 0.0 500000
1695673285278 0.0 504000
1695673312391 0.0 508000
1695673340407 0.0 512000
1695673365697 0.0 516000
1695673391343 0.0 520000
1695673415919 0.0 524000
1695673440095 0.0 528000
1695673464150 0.0 532000
1695673488161 0.0 536000
1695673512064 0.0 540000
1695673536205 0.0 544000
1695673560662 0.0 548000
1695673585598 0.0 552000
1695673610173 0.0 556000
1695673635019 0.0 560000
1695673659674 0.0 564000
1695673684222 0.0 568000
1695673708607 0.0 572000
1695673732848 0.0 576000
1695673757737 0.0 580000
1695673782355 0.0 584000
1695673807501 0.0 588000
1695673832035 0.0 592000
1695673856191 0.0 596000
1695673880509 0.0 600000
1695673904898 0.0 604000
1695673929382 0.0 608000
1695673953737 0.0 612000
1695673978528 0.0 616000
1695674003072 0.0 620000
1695674027381 0.0 624000
1695674051546 0.0 628000
1695674076383 0.0 632000
1695674101553 0.0 636000
1695674127676 0.0 640000
1695674152642 0.0 644000
1695674178834 0.0 648000
1695674203218 0.0 652000
1695674227513 0.0 656000
1695674253889 0.0 660000
1695674280057 0.0 664000
1695674307987 0.0 668000
1695674339473 0.0 672000
1695674364677 0.0 676000
1695674389673 0.0 680000
1695674415994 0.0 684000
1695674441531 0.0 688000
1695674466239 0.0 692000
1695674490551 0.0 696000
1695674514881 0.0 700000
1695674539941 0.0 704000
1695674564759 0.0 708000
1695674590989 0.0 712000
1695674616410 0.0 716000
1695674640678 0.0 720000
1695674664590 0.0 724000
1695674689471 0.0 728000
1695674715315 0.0 732000
1695674741300 0.0 736000
1695674765357 0.0 740000
1695674789559 0.0 744000
1695674813983 0.0 748000
1695674838235 0.0 752000
1695674862716 0.0 756000
1695674887046 0.0 760000
1695674912673 0.0 764000
1695674937775 0.0 768000
1695674961998 0.0 772000
1695674986062 0.0 776000
1695675010420 0.0 780000
1695675034626 0.0 784000
1695675058911 0.0 788000
1695675083991 0.0 792000
1695675109891 0.0 796000
1695675135591 0.0 800000
1695675164981 0.0 804000
1695675190851 0.0 808000
1695675216726 0.0 812000
1695675241473 0.0 816000
1695675266164 0.0 820000
1695675290878 0.0 824000
1695675315107 0.0 828000
1695675339955 0.0 832000
1695675364432 0.0 836000
1695675388706 0.0 840000
1695675415090 0.0 844000
1695675440307 0.0 848000
1695675465740 0.0 852000
1695675490917 0.0 856000
1695675516124 0.0 860000
1695675541856 0.0 864000
1695675568590 0.0 868000
1695675595599 0.0 872000
1695675622752 0.0 876000
1695675647749 0.0 880000
1695675672202 0.0 884000
1695675696690 0.0 888000
1695675721287 0.0 892000
1695675745712 0.0 896000
1695675769861 0.0 900000
1695675793542 0.0 904000
1695675817546 0.0 908000
1695675841503 0.0 912000
1695675865686 0.0 916000
