1695672410744 0.0 364000
1695672434650 0.0 368000
1695672460158 0.0 372000
1695672484857 0.0 376000
1695672510158 0.0 380000
1695672535498 0.0 384000
1695672561428 0.0 388000
1695672587171 0.0 392000
1695672613146 0.0 396000
1695672638773 0.0 400000
1695672664305 0.0 404000
1695672689760 0.0 408000
1695672716167 0.0 412000
1695672741015 0.0 416000
1695672764789 0.0 420000
1695672788739 0.0 424000
1695672812696 0.0 428000
1695672836735 0.0 432000
1695672860551 0.0 436000
1695672884343 0.0 440000
1695672908394 0.0 444000
1695672932481 0.0 448000
1695672956289 0.0 452000
1695672980214 0.0 456000
1695673004190 0.0 460000
1695673027721 0.0 464000
1695673052131 0.0 468000
1695673078183 0.0 472000
1695673103091 0.0 476000
1695673127968 0.0 480000
1695673152867 0.0 484000
1695673177691 0.0 488000
1695673202418 0.0 492000
1695673229125 0.0 496000
1695673257713 0.0 500000
1695673285290 0.0 504000
1695673312403 0.0 508000
1695673340419 0.0 512000
1695673365708 0.0 516000
1695673391354 0.0 520000
1695673415931 0.0 524000
1695673440107 0.0 528000
1695673464161 0.0 532000
1695673488172 0.0 536000
1695673512076 0.0 540000
1695673536217 0.0 544000
1695673560673 0.0 548000
1695673585609 0.0 552000
1695673610184 0.0 556000
1695673635030 0.0 560000
1695673659686 0.0 564000
1695673684234 0.0 568000
1695673708619 0.0 572000
1695673732859 0.0 576000
1695673757749 0.0 580000
1695673782366 0.0 584000
1695673807513 0.0 588000
1695673832046 0.0 592000
1695673856203 0.0 596000
1695673880521 0.0 600000
1695673904910 0.0 604000
1695673929394 0.0 608000
1695673953749 0.0 612000
1695673978540 0.0 616000
1695674003083 0.0 620000
1695674027393 0.0 624000
1695674051557 0.0 628000
1695674076395 0.0 632000
1695674101565 0.0 636000
1695674127687 0.0 640000
1695674152653 0.0 644000
1695674178845 0.0 648000
1695674203230 0.0 652000
1695674227524 0.0 656000
1695674253900 0.0 660000
1695674280069 0.0 664000
1695674308000 0.0 668000
1695674339484 0.0 672000
1695674364688 0.0 676000
1695674389685 0.0 680000
1695674416006 0.0 684000
1695674441542 0.0 688000
1695674466251 0.0 692000
1695674490563 0.0 696000
1695674514892 0.0 700000
1695674539952 0.0 704000
1695674564770 0.0 708000
1695674591000 0.0 712000
1695674616421 0.0 716000
1695674640689 0.0 720000
1695674664601 0.0 724000
1695674689482 0.0 728000
1695674715327 0.0 732000
1695674741312 0.0 736000
1695674765368 0.0 740000
1695674789570 0.0 744000
1695674813995 0.0 748000
1695674838246 0.0 752000
1695674862728 0.0 756000
1695674887057 0.0 760000
1695674912684 0.0 764000
1695674937787 0.0 768000
1695674962010 0.0 772000
1695674986073 0.0 776000
1695675010432 0.0 780000
1695675034637 0.0 784000
1695675058922 0.0 788000
1695675084002 0.0 792000
1695675109903 0.0 796000
1695675135606 0.0 800000
1695675164993 0.0 804000
1695675190862 0.0 808000
1695675216738 0.0 812000
1695675241484 0.0 816000
1695675266176 0.0 820000
1695675290889 0.0 824000
1695675315118 0.0 828000
1695675339967 0.0 832000
1695675364444 0.0 836000
1695675388717 0.0 840000
1695675415102 0.0 844000
1695675440319 0.0 848000
1695675465752 0.0 852000
1695675490928 0.0 856000
1695675516136 0.0 860000
1695675541868 0.0 864000
1695675568601 0.0 868000
1695675595611 0.0 872000
1695675622763 0.0 876000
1695675647761 0.0 880000
1695675672214 0.0 884000
1695675696701 0.0 888000
1695675721299 0.0 892000
1695675745723 0.0 896000
1695675769872 0.0 900000
1695675793553 0.0 904000
1695675817558 0.0 908000
1695675841515 0.0 912000
1695675865698 0.0 916000
