1695672410734 1.0 364000
1695672434639 1.0 368000
1695672460147 1.0 372000
1695672484845 1.0 376000
1695672510147 1.0 380000
1695672535487 1.0 384000
1695672561417 1.0 388000
1695672587161 1.0 392000
1695672613136 1.0 396000
1695672638763 1.0 400000
1695672664295 1.0 404000
1695672689750 1.0 408000
1695672716157 1.0 412000
1695672741003 1.0 416000
1695672764779 1.0 420000
1695672788729 1.0 424000
1695672812686 1.0 428000
1695672836725 1.0 432000
1695672860541 1.0 436000
1695672884333 1.0 440000
1695672908384 1.0 444000
1695672932471 1.0 448000
1695672956279 1.0 452000
1695672980204 1.0 456000
1695673004180 1.0 460000
1695673027710 1.0 464000
1695673052121 1.0 468000
1695673078172 1.0 472000
1695673103081 1.0 476000
1695673127957 1.0 480000
1695673152857 1.0 484000
1695673177681 1.0 488000
1695673202407 1.0 492000
1695673229113 1.0 496000
1695673257703 1.0 500000
1695673285280 1.0 504000
1695673312392 1.0 508000
1695673340408 1.0 512000
1695673365698 1.0 516000
1695673391344 1.0 520000
1695673415920 1.0 524000
1695673440097 1.0 528000
1695673464151 1.0 532000
1695673488162 1.0 536000
1695673512066 1.0 540000
1695673536207 1.0 544000
1695673560663 1.0 548000
1695673585599 1.0 552000
1695673610174 1.0 556000
1695673635020 1.0 560000
1695673659676 1.0 564000
1695673684224 1.0 568000
1695673708609 1.0 572000
1695673732849 1.0 576000
1695673757739 1.0 580000
1695673782356 1.0 584000
1695673807503 1.0 588000
1695673832036 1.0 592000
1695673856192 1.0 596000
1695673880511 1.0 600000
1695673904900 1.0 604000
1695673929384 1.0 608000
1695673953738 1.0 612000
1695673978530 1.0 616000
1695674003073 1.0 620000
1695674027383 1.0 624000
1695674051547 1.0 628000
1695674076385 1.0 632000
1695674101554 1.0 636000
1695674127678 1.0 640000
1695674152643 1.0 644000
1695674178835 1.0 648000
1695674203219 1.0 652000
1695674227514 1.0 656000
1695674253890 1.0 660000
1695674280058 1.0 664000
1695674307988 1.0 668000
1695674339474 1.0 672000
1695674364678 1.0 676000
1695674389674 1.0 680000
1695674415995 1.0 684000
1695674441532 1.0 688000
1695674466240 1.0 692000
1695674490552 1.0 696000
1695674514882 1.0 700000
1695674539942 1.0 704000
1695674564760 1.0 708000
1695674590990 1.0 712000
1695674616411 1.0 716000
1695674640679 1.0 720000
1695674664591 1.0 724000
1695674689472 1.0 728000
1695674715316 1.0 732000
1695674741301 1.0 736000
1695674765358 1.0 740000
1695674789560 1.0 744000
1695674813985 1.0 748000
1695674838236 1.0 752000
1695674862717 1.0 756000
1695674887047 1.0 760000
1695674912674 1.0 764000
1695674937777 1.0 768000
1695674961999 1.0 772000
1695674986063 1.0 776000
1695675010422 1.0 780000
1695675034627 1.0 784000
1695675058913 1.0 788000
1695675083992 1.0 792000
1695675109892 1.0 796000
1695675135592 1.0 800000
1695675164983 1.0 804000
1695675190852 1.0 808000
1695675216727 1.0 812000
1695675241474 1.0 816000
1695675266166 1.0 820000
1695675290879 1.0 824000
1695675315108 1.0 828000
1695675339956 1.0 832000
1695675364433 1.0 836000
1695675388707 1.0 840000
1695675415092 1.0 844000
1695675440308 1.0 848000
1695675465741 1.0 852000
1695675490918 1.0 856000
1695675516126 1.0 860000
1695675541857 1.0 864000
1695675568591 1.0 868000
1695675595600 1.0 872000
1695675622753 1.0 876000
1695675647750 1.0 880000
1695675672204 1.0 884000
1695675696691 1.0 888000
1695675721288 1.0 892000
1695675745713 1.0 896000
1695675769862 1.0 900000
1695675793543 1.0 904000
1695675817547 1.0 908000
1695675841505 1.0 912000
1695675865687 1.0 916000
