1695672410739 0.0 364000
1695672434643 0.0 368000
1695672460151 0.0 372000
1695672484849 0.0 376000
1695672510151 0.0 380000
1695672535491 0.0 384000
1695672561422 0.0 388000
1695672587165 0.0 392000
1695672613141 0.0 396000
1695672638767 0.0 400000
1695672664299 0.0 404000
1695672689754 0.0 408000
1695672716161 0.0 412000
1695672741008 0.0 416000
1695672764783 0.0 420000
1695672788733 0.0 424000
1695672812690 0.0 428000
1695672836729 0.0 432000
1695672860545 0.0 436000
1695672884337 0.0 440000
1695672908388 0.0 444000
1695672932475 0.0 448000
1695672956283 0.0 452000
1695672980208 0.0 456000
1695673004184 0.0 460000
1695673027715 0.0 464000
1695673052125 0.0 468000
1695673078176 0.0 472000
1695673103085 0.0 476000
1695673127962 0.0 480000
1695673152862 0.0 484000
1695673177685 0.0 488000
1695673202412 0.0 492000
1695673229118 0.0 496000
1695673257707 0.0 500000
1695673285284 0.0 504000
1695673312397 0.0 508000
1695673340413 0.0 512000
1695673365702 0.0 516000
1695673391348 0.0 520000
1695673415924 0.0 524000
1695673440101 0.0 528000
1695673464155 0.0 532000
1695673488166 0.0 536000
1695673512070 0.0 540000
1695673536211 0.0 544000
1695673560667 0.0 548000
1695673585603 0.0 552000
1695673610178 0.0 556000
1695673635024 0.0 560000
1695673659680 0.0 564000
1695673684228 0.0 568000
1695673708613 0.0 572000
1695673732853 0.0 576000
1695673757743 0.0 580000
1695673782360 0.0 584000
1695673807507 0.0 588000
1695673832040 0.0 592000
1695673856197 0.0 596000
1695673880515 0.0 600000
1695673904904 0.0 604000
1695673929388 0.0 608000
1695673953743 0.0 612000
1695673978534 0.0 616000
1695674003077 0.0 620000
1695674027387 0.0 624000
1695674051551 0.0 628000
1695674076389 0.0 632000
1695674101559 0.0 636000
1695674127682 0.0 640000
1695674152647 0.0 644000
1695674178839 0.0 648000
1695674203223 0.0 652000
1695674227518 0.0 656000
1695674253894 0.0 660000
1695674280062 0.0 664000
1695674307993 0.0 668000
1695674339478 0.0 672000
1695674364682 0.0 676000
1695674389678 0.0 680000
1695674416000 0.0 684000
1695674441536 0.0 688000
1695674466245 0.0 692000
1695674490557 0.0 696000
1695674514886 0.0 700000
1695674539946 0.0 704000
1695674564764 0.0 708000
1695674590994 0.0 712000
1695674616415 0.0 716000
1695674640683 0.0 720000
1695674664595 0.0 724000
1695674689476 0.0 728000
1695674715320 0.0 732000
1695674741306 0.0 736000
1695674765362 0.0 740000
1695674789564 0.0 744000
1695674813989 0.0 748000
1695674838240 0.0 752000
1695674862722 0.0 756000
1695674887051 0.0 760000
1695674912678 0.0 764000
1695674937781 0.0 768000
1695674962004 0.0 772000
1695674986067 0.0 776000
1695675010426 0.0 780000
1695675034631 0.0 784000
1695675058917 0.0 788000
1695675083996 0.0 792000
1695675109897 0.0 796000
1695675135598 0.0 800000
1695675164987 0.0 804000
1695675190856 0.0 808000
1695675216732 0.0 812000
1695675241478 0.0 816000
1695675266170 0.0 820000
1695675290883 0.0 824000
1695675315112 0.0 828000
1695675339960 0.0 832000
1695675364437 0.0 836000
1695675388711 0.0 840000
1695675415096 0.0 844000
1695675440313 0.0 848000
1695675465745 0.0 852000
1695675490922 0.0 856000
1695675516130 0.0 860000
1695675541861 0.0 864000
1695675568595 0.0 868000
1695675595605 0.0 872000
1695675622757 0.0 876000
1695675647755 0.0 880000
1695675672208 0.0 884000
1695675696695 0.0 888000
1695675721292 0.0 892000
1695675745717 0.0 896000
1695675769866 0.0 900000
1695675793547 0.0 904000
1695675817552 0.0 908000
1695675841509 0.0 912000
1695675865692 0.0 916000
