1695672410733 0.99 364000
1695672434638 0.99 368000
1695672460146 0.99 372000
1695672484844 0.99 376000
1695672510146 0.99 380000
1695672535485 0.99 384000
1695672561416 0.99 388000
1695672587160 0.99 392000
1695672613135 0.99 396000
1695672638762 0.99 400000
1695672664294 0.99 404000
1695672689749 0.99 408000
1695672716155 0.99 412000
1695672741002 0.99 416000
1695672764778 0.99 420000
1695672788728 0.99 424000
1695672812685 0.99 428000
1695672836724 0.99 432000
1695672860540 0.99 436000
1695672884332 0.99 440000
1695672908383 0.99 444000
1695672932470 0.99 448000
1695672956277 0.99 452000
1695672980203 0.99 456000
1695673004179 0.99 460000
1695673027709 0.99 464000
1695673052120 0.99 468000
1695673078171 0.99 472000
1695673103080 0.99 476000
1695673127956 0.99 480000
1695673152856 0.99 484000
1695673177680 0.99 488000
1695673202406 0.99 492000
1695673229112 0.99 496000
1695673257702 0.99 500000
1695673285279 0.99 504000
1695673312391 0.99 508000
1695673340407 0.99 512000
1695673365697 0.99 516000
1695673391343 0.99 520000
1695673415919 0.99 524000
1695673440096 0.99 528000
1695673464150 0.99 532000
1695673488161 0.99 536000
1695673512065 0.99 540000
1695673536206 0.99 544000
1695673560662 0.99 548000
1695673585598 0.99 552000
1695673610173 0.99 556000
1695673635019 0.99 560000
1695673659675 0.99 564000
1695673684223 0.99 568000
1695673708608 0.99 572000
1695673732848 0.99 576000
1695673757737 0.99 580000
1695673782355 0.99 584000
1695673807502 0.99 588000
1695673832035 0.99 592000
1695673856191 0.99 596000
1695673880510 0.99 600000
1695673904899 0.99 604000
1695673929383 0.99 608000
1695673953737 0.99 612000
1695673978529 0.99 616000
1695674003072 0.99 620000
1695674027382 0.99 624000
1695674051546 0.99 628000
1695674076384 0.99 632000
1695674101553 0.99 636000
1695674127676 0.99 640000
1695674152642 0.99 644000
1695674178834 0.99 648000
1695674203218 0.99 652000
1695674227513 0.99 656000
1695674253889 0.99 660000
1695674280057 0.99 664000
1695674307987 0.99 668000
1695674339473 0.99 672000
1695674364677 0.99 676000
1695674389673 0.99 680000
1695674415994 0.99 684000
1695674441531 0.99 688000
1695674466239 0.99 692000
1695674490551 0.99 696000
1695674514881 0.99 700000
1695674539941 0.99 704000
1695674564759 0.99 708000
1695674590989 0.99 712000
1695674616410 0.99 716000
1695674640678 0.99 720000
1695674664590 0.99 724000
1695674689471 0.99 728000
1695674715315 0.99 732000
1695674741300 0.99 736000
1695674765357 0.99 740000
1695674789559 0.99 744000
1695674813984 0.99 748000
1695674838235 0.99 752000
1695674862716 0.99 756000
1695674887046 0.99 760000
1695674912673 0.99 764000
1695674937776 0.99 768000
1695674961998 0.99 772000
1695674986062 0.99 776000
1695675010421 0.99 780000
1695675034626 0.99 784000
1695675058912 0.99 788000
1695675083991 0.99 792000
1695675109891 0.99 796000
1695675135591 0.99 800000
1695675164982 0.99 804000
1695675190851 0.99 808000
1695675216726 0.99 812000
1695675241473 0.99 816000
1695675266165 0.99 820000
1695675290878 0.99 824000
1695675315107 0.99 828000
1695675339955 0.99 832000
1695675364432 0.99 836000
1695675388706 0.99 840000
1695675415091 0.99 844000
1695675440307 0.99 848000
1695675465740 0.99 852000
1695675490917 0.99 856000
1695675516125 0.99 860000
1695675541856 0.99 864000
1695675568590 0.99 868000
1695675595599 0.99 872000
1695675622752 0.99 876000
1695675647749 0.99 880000
1695675672203 0.99 884000
1695675696690 0.99 888000
1695675721287 0.99 892000
1695675745712 0.99 896000
1695675769861 0.99 900000
1695675793542 0.99 904000
1695675817546 0.99 908000
1695675841504 0.99 912000
1695675865686 0.99 916000
