1695672410740 0.0 364000
1695672434644 0.0 368000
1695672460152 0.0 372000
1695672484850 0.0 376000
1695672510152 0.0 380000
1695672535492 0.0 384000
1695672561423 0.0 388000
1695672587166 0.0 392000
1695672613142 0.0 396000
1695672638768 0.0 400000
1695672664300 0.0 404000
1695672689755 0.0 408000
1695672716162 0.0 412000
1695672741009 0.0 416000
1695672764784 0.0 420000
1695672788734 0.0 424000
1695672812691 0.0 428000
1695672836730 0.0 432000
1695672860546 0.0 436000
1695672884338 0.0 440000
1695672908389 0.0 444000
1695672932476 0.0 448000
1695672956284 0.0 452000
1695672980209 0.0 456000
1695673004185 0.0 460000
1695673027716 0.0 464000
1695673052126 0.0 468000
1695673078178 0.0 472000
1695673103086 0.0 476000
1695673127963 0.0 480000
1695673152863 0.0 484000
1695673177686 0.0 488000
1695673202413 0.0 492000
1695673229119 0.0 496000
1695673257708 0.0 500000
1695673285285 0.0 504000
1695673312398 0.0 508000
1695673340414 0.0 512000
1695673365703 0.0 516000
1695673391349 0.0 520000
1695673415925 0.0 524000
1695673440102 0.0 528000
1695673464156 0.0 532000
1695673488167 0.0 536000
1695673512071 0.0 540000
1695673536212 0.0 544000
1695673560668 0.0 548000
1695673585604 0.0 552000
1695673610179 0.0 556000
1695673635025 0.0 560000
1695673659681 0.0 564000
1695673684229 0.0 568000
1695673708614 0.0 572000
1695673732854 0.0 576000
1695673757744 0.0 580000
1695673782361 0.0 584000
1695673807508 0.0 588000
1695673832041 0.0 592000
1695673856198 0.0 596000
1695673880516 0.0 600000
1695673904905 0.0 604000
1695673929389 0.0 608000
1695673953744 0.0 612000
1695673978535 0.0 616000
1695674003078 0.0 620000
1695674027388 0.0 624000
1695674051552 0.0 628000
1695674076390 0.0 632000
1695674101560 0.0 636000
1695674127683 0.0 640000
1695674152648 0.0 644000
1695674178840 0.0 648000
1695674203224 0.0 652000
1695674227519 0.0 656000
1695674253895 0.0 660000
1695674280064 0.0 664000
1695674307994 0.0 668000
1695674339479 0.0 672000
1695674364683 0.0 676000
1695674389679 0.0 680000
1695674416001 0.0 684000
1695674441537 0.0 688000
1695674466246 0.0 692000
1695674490558 0.0 696000
1695674514887 0.0 700000
1695674539947 0.0 704000
1695674564765 0.0 708000
1695674590995 0.0 712000
1695674616416 0.0 716000
1695674640684 0.0 720000
1695674664596 0.0 724000
1695674689477 0.0 728000
1695674715321 0.0 732000
1695674741307 0.0 736000
1695674765363 0.0 740000
1695674789565 0.0 744000
1695674813990 0.0 748000
1695674838241 0.0 752000
1695674862723 0.0 756000
1695674887052 0.0 760000
1695674912679 0.0 764000
1695674937782 0.0 768000
1695674962005 0.0 772000
1695674986068 0.0 776000
1695675010427 0.0 780000
1695675034632 0.0 784000
1695675058918 0.0 788000
1695675083997 0.0 792000
1695675109898 0.0 796000
1695675135600 0.0 800000
1695675164988 0.0 804000
1695675190857 0.0 808000
1695675216733 0.0 812000
1695675241479 0.0 816000
1695675266171 0.0 820000
1695675290884 0.0 824000
1695675315113 0.0 828000
1695675339961 0.0 832000
1695675364438 0.0 836000
1695675388712 0.0 840000
1695675415097 0.0 844000
1695675440314 0.0 848000
1695675465746 0.0 852000
1695675490923 0.0 856000
1695675516131 0.0 860000
1695675541862 0.0 864000
1695675568596 0.0 868000
1695675595606 0.0 872000
1695675622758 0.0 876000
1695675647756 0.0 880000
1695675672209 0.0 884000
1695675696696 0.0 888000
1695675721293 0.0 892000
1695675745718 0.0 896000
1695675769867 0.0 900000
1695675793548 0.0 904000
1695675817553 0.0 908000
1695675841510 0.0 912000
1695675865693 0.0 916000
