1695672410731 0.0 364000
1695672434635 0.0 368000
1695672460144 0.0 372000
1695672484841 0.0 376000
1695672510144 0.0 380000
1695672535483 0.0 384000
1695672561414 0.0 388000
1695672587158 0.0 392000
1695672613133 0.0 396000
1695672638759 0.0 400000
1695672664292 0.0 404000
1695672689746 0.0 408000
1695672716153 0.0 412000
1695672741000 0.0 416000
1695672764776 0.0 420000
1695672788726 0.0 424000
1695672812683 0.0 428000
1695672836722 0.0 432000
1695672860538 0.0 436000
1695672884330 0.0 440000
1695672908381 0.0 444000
1695672932467 0.0 448000
1695672956275 0.0 452000
1695672980201 0.0 456000
1695673004176 0.0 460000
1695673027707 0.0 464000
1695673052118 0.0 468000
1695673078169 0.0 472000
1695673103077 0.0 476000
1695673127954 0.0 480000
1695673152854 0.0 484000
1695673177678 0.0 488000
1695673202404 0.0 492000
1695673229109 0.0 496000
1695673257699 0.0 500000
1695673285276 0.0 504000
1695673312389 0.0 508000
1695673340405 0.0 512000
1695673365695 0.0 516000
1695673391341 0.0 520000
1695673415917 0.0 524000
1695673440093 0.0 528000
1695673464148 0.0 532000
1695673488158 0.0 536000
1695673512062 0.0 540000
1695673536203 0.0 544000
1695673560660 0.0 548000
1695673585596 0.0 552000
1695673610171 0.0 556000
1695673635017 0.0 560000
1695673659672 0.0 564000
1695673684220 0.0 568000
1695673708605 0.0 572000
1695673732846 0.0 576000
1695673757735 0.0 580000
1695673782353 0.0 584000
1695673807499 0.0 588000
1695673832033 0.0 592000
1695673856189 0.0 596000
1695673880507 0.0 600000
1695673904896 0.0 604000
1695673929380 0.0 608000
1695673953735 0.0 612000
1695673978526 0.0 616000
1695674003070 0.0 620000
1695674027379 0.0 624000
1695674051544 0.0 628000
1695674076381 0.0 632000
1695674101551 0.0 636000
1695674127674 0.0 640000
1695674152640 0.0 644000
1695674178832 0.0 648000
1695674203216 0.0 652000
1695674227511 0.0 656000
1695674253887 0.0 660000
1695674280055 0.0 664000
1695674307984 0.0 668000
1695674339471 0.0 672000
1695674364675 0.0 676000
1695674389671 0.0 680000
1695674415992 0.0 684000
1695674441529 0.0 688000
1695674466237 0.0 692000
1695674490549 0.0 696000
1695674514879 0.0 700000
1695674539939 0.0 704000
1695674564757 0.0 708000
1695674590986 0.0 712000
1695674616408 0.0 716000
1695674640676 0.0 720000
1695674664588 0.0 724000
1695674689469 0.0 728000
1695674715313 0.0 732000
1695674741298 0.0 736000
1695674765355 0.0 740000
1695674789557 0.0 744000
1695674813981 0.0 748000
1695674838233 0.0 752000
1695674862714 0.0 756000
1695674887044 0.0 760000
1695674912671 0.0 764000
1695674937773 0.0 768000
1695674961996 0.0 772000
1695674986060 0.0 776000
1695675010418 0.0 780000
1695675034623 0.0 784000
1695675058909 0.0 788000
1695675083989 0.0 792000
1695675109889 0.0 796000
1695675135588 0.0 800000
1695675164979 0.0 804000
1695675190849 0.0 808000
1695675216724 0.0 812000
1695675241471 0.0 816000
1695675266163 0.0 820000
1695675290876 0.0 824000
1695675315105 0.0 828000
1695675339953 0.0 832000
1695675364429 0.0 836000
1695675388704 0.0 840000
1695675415088 0.0 844000
1695675440305 0.0 848000
1695675465738 0.0 852000
1695675490915 0.0 856000
1695675516122 0.0 860000
1695675541854 0.0 864000
1695675568588 0.0 868000
1695675595597 0.0 872000
1695675622750 0.0 876000
1695675647747 0.0 880000
1695675672200 0.0 884000
1695675696687 0.0 888000
1695675721285 0.0 892000
1695675745710 0.0 896000
1695675769859 0.0 900000
1695675793540 0.0 904000
1695675817544 0.0 908000
1695675841501 0.0 912000
1695675865684 0.0 916000
