1695672410737 0.0 364000
1695672434642 0.0 368000
1695672460150 0.0 372000
1695672484848 0.0 376000
1695672510150 0.0 380000
1695672535490 0.0 384000
1695672561421 0.0 388000
1695672587164 0.0 392000
1695672613139 0.0 396000
1695672638766 0.0 400000
1695672664298 0.0 404000
1695672689753 0.0 408000
1695672716160 0.0 412000
1695672741007 0.0 416000
1695672764782 0.0 420000
1695672788732 0.0 424000
1695672812689 0.0 428000
1695672836728 0.0 432000
1695672860544 0.0 436000
1695672884336 0.0 440000
1695672908387 0.0 444000
1695672932474 0.0 448000
1695672956282 0.0 452000
1695672980207 0.0 456000
1695673004183 0.0 460000
1695673027714 0.0 464000
1695673052124 0.0 468000
1695673078175 0.0 472000
1695673103084 0.0 476000
1695673127961 0.0 480000
1695673152860 0.0 484000
1695673177684 0.0 488000
1695673202411 0.0 492000
1695673229117 0.0 496000
1695673257706 0.0 500000
1695673285283 0.0 504000
1695673312396 0.0 508000
1695673340411 0.0 512000
1695673365701 0.0 516000
1695673391347 0.0 520000
1695673415923 0.0 524000
1695673440100 0.0 528000
1695673464154 0.0 532000
1695673488165 0.0 536000
1695673512069 0.0 540000
1695673536210 0.0 544000
1695673560666 0.0 548000
1695673585602 0.0 552000
1695673610177 0.0 556000
1695673635023 0.0 560000
1695673659679 0.0 564000
1695673684227 0.0 568000
1695673708612 0.0 572000
1695673732852 0.0 576000
1695673757742 0.0 580000
1695673782359 0.0 584000
1695673807506 0.0 588000
1695673832039 0.0 592000
1695673856196 0.0 596000
1695673880514 0.0 600000
1695673904903 0.0 604000
1695673929387 0.0 608000
1695673953742 0.0 612000
1695673978533 0.0 616000
1695674003076 0.0 620000
1695674027386 0.0 624000
1695674051550 0.0 628000
1695674076388 0.0 632000
1695674101558 0.0 636000
1695674127681 0.0 640000
1695674152646 0.0 644000
1695674178838 0.0 648000
1695674203222 0.0 652000
1695674227517 0.0 656000
1695674253893 0.0 660000
1695674280061 0.0 664000
1695674307991 0.0 668000
1695674339477 0.0 672000
1695674364681 0.0 676000
1695674389677 0.0 680000
1695674415999 0.0 684000
1695674441535 0.0 688000
1695674466244 0.0 692000
1695674490556 0.0 696000
1695674514885 0.0 700000
1695674539945 0.0 704000
1695674564763 0.0 708000
1695674590993 0.0 712000
1695674616414 0.0 716000
1695674640682 0.0 720000
1695674664594 0.0 724000
1695674689475 0.0 728000
1695674715319 0.0 732000
1695674741305 0.0 736000
1695674765361 0.0 740000
1695674789563 0.0 744000
1695674813988 0.0 748000
1695674838239 0.0 752000
1695674862721 0.0 756000
1695674887050 0.0 760000
1695674912677 0.0 764000
1695674937780 0.0 768000
1695674962003 0.0 772000
1695674986066 0.0 776000
1695675010425 0.0 780000
1695675034630 0.0 784000
1695675058916 0.0 788000
1695675083995 0.0 792000
1695675109896 0.0 796000
1695675135597 0.0 800000
1695675164986 0.0 804000
1695675190855 0.0 808000
1695675216731 0.0 812000
1695675241477 0.0 816000
1695675266169 0.0 820000
1695675290882 0.0 824000
1695675315111 0.0 828000
1695675339959 0.0 832000
1695675364436 0.0 836000
1695675388710 0.0 840000
1695675415095 0.0 844000
1695675440312 0.0 848000
1695675465744 0.0 852000
1695675490921 0.0 856000
1695675516129 0.0 860000
1695675541860 0.0 864000
1695675568594 0.0 868000
1695675595604 0.0 872000
1695675622756 0.0 876000
1695675647754 0.0 880000
1695675672207 0.0 884000
1695675696694 0.0 888000
1695675721291 0.0 892000
1695675745716 0.0 896000
1695675769865 0.0 900000
1695675793546 0.0 904000
1695675817551 0.0 908000
1695675841508 0.0 912000
1695675865691 0.0 916000
