1695672410743 0.2 364000
1695672434649 0.2 368000
1695672460157 0.2 372000
1695672484856 0.2 376000
1695672510157 0.2 380000
1695672535497 0.2 384000
1695672561427 0.2 388000
1695672587170 0.2 392000
1695672613145 0.2 396000
1695672638772 0.2 400000
1695672664304 0.2 404000
1695672689759 0.2 408000
1695672716166 0.2 412000
1695672741013 0.2 416000
1695672764788 0.2 420000
1695672788738 0.2 424000
1695672812695 0.2 428000
1695672836734 0.2 432000
1695672860550 0.2 436000
1695672884342 0.2 440000
1695672908393 0.2 444000
1695672932480 0.2 448000
1695672956288 0.2 452000
1695672980213 0.2 456000
1695673004189 0.2 460000
1695673027720 0.2 464000
1695673052130 0.2 468000
1695673078182 0.2 472000
1695673103090 0.2 476000
1695673127967 0.2 480000
1695673152866 0.2 484000
1695673177690 0.2 488000
1695673202417 0.2 492000
1695673229123 0.2 496000
1695673257712 0.2 500000
1695673285289 0.2 504000
1695673312402 0.2 508000
1695673340418 0.2 512000
1695673365707 0.2 516000
1695673391353 0.2 520000
1695673415929 0.2 524000
1695673440106 0.2 528000
1695673464160 0.2 532000
1695673488171 0.2 536000
1695673512075 0.2 540000
1695673536216 0.2 544000
1695673560672 0.2 548000
1695673585608 0.2 552000
1695673610183 0.2 556000
1695673635029 0.2 560000
1695673659685 0.2 564000
1695673684233 0.2 568000
1695673708618 0.2 572000
1695673732858 0.2 576000
1695673757748 0.2 580000
1695673782365 0.2 584000
1695673807512 0.2 588000
1695673832045 0.2 592000
1695673856202 0.2 596000
1695673880520 0.2 600000
1695673904909 0.2 604000
1695673929393 0.2 608000
1695673953748 0.2 612000
1695673978539 0.2 616000
1695674003082 0.2 620000
1695674027392 0.2 624000
1695674051556 0.2 628000
1695674076394 0.2 632000
1695674101564 0.2 636000
1695674127687 0.2 640000
1695674152652 0.2 644000
1695674178844 0.2 648000
1695674203229 0.2 652000
1695674227523 0.2 656000
1695674253899 0.2 660000
1695674280068 0.2 664000
1695674307998 0.2 668000
1695674339483 0.2 672000
1695674364687 0.2 676000
1695674389684 0.2 680000
1695674416005 0.2 684000
1695674441541 0.2 688000
1695674466250 0.2 692000
1695674490562 0.2 696000
1695674514891 0.2 700000
1695674539951 0.2 704000
1695674564769 0.2 708000
1695674590999 0.2 712000
1695674616420 0.2 716000
1695674640688 0.2 720000
1695674664600 0.2 724000
1695674689481 0.2 728000
1695674715326 0.2 732000
1695674741311 0.2 736000
1695674765367 0.2 740000
1695674789569 0.2 744000
1695674813994 0.2 748000
1695674838245 0.2 752000
1695674862727 0.2 756000
1695674887056 0.2 760000
1695674912683 0.2 764000
1695674937786 0.2 768000
1695674962009 0.2 772000
1695674986072 0.2 776000
1695675010431 0.2 780000
1695675034636 0.2 784000
1695675058921 0.2 788000
1695675084001 0.2 792000
1695675109902 0.2 796000
1695675135605 0.2 800000
1695675164992 0.2 804000
1695675190861 0.2 808000
1695675216737 0.2 812000
1695675241483 0.2 816000
1695675266175 0.2 820000
1695675290888 0.2 824000
1695675315117 0.2 828000
1695675339966 0.2 832000
1695675364443 0.2 836000
1695675388716 0.2 840000
1695675415101 0.2 844000
1695675440318 0.2 848000
1695675465751 0.2 852000
1695675490927 0.2 856000
1695675516135 0.2 860000
1695675541867 0.2 864000
1695675568600 0.2 868000
1695675595610 0.2 872000
1695675622762 0.2 876000
1695675647760 0.2 880000
1695675672213 0.2 884000
1695675696700 0.2 888000
1695675721297 0.2 892000
1695675745722 0.2 896000
1695675769871 0.2 900000
1695675793552 0.2 904000
1695675817557 0.2 908000
1695675841514 0.2 912000
1695675865697 0.2 916000
