1695672410745 0.01 364000
1695672434650 0.01 368000
1695672460158 0.01 372000
1695672484858 0.01 376000
1695672510158 0.01 380000
1695672535498 0.01 384000
1695672561428 0.01 388000
1695672587172 0.01 392000
1695672613147 0.01 396000
1695672638774 0.01 400000
1695672664306 0.01 404000
1695672689760 0.01 408000
1695672716168 0.01 412000
1695672741015 0.01 416000
1695672764790 0.01 420000
1695672788740 0.01 424000
1695672812696 0.01 428000
1695672836736 0.01 432000
1695672860552 0.01 436000
1695672884344 0.01 440000
1695672908395 0.01 444000
1695672932481 0.01 448000
1695672956289 0.01 452000
1695672980215 0.01 456000
1695673004190 0.01 460000
1695673027721 0.01 464000
1695673052132 0.01 468000
1695673078183 0.01 472000
1695673103092 0.01 476000
1695673127968 0.01 480000
1695673152868 0.01 484000
1695673177692 0.01 488000
1695673202419 0.01 492000
1695673229125 0.01 496000
1695673257714 0.01 500000
1695673285290 0.01 504000
1695673312404 0.01 508000
1695673340419 0.01 512000
1695673365708 0.01 516000
1695673391355 0.01 520000
1695673415931 0.01 524000
1695673440107 0.01 528000
1695673464162 0.01 532000
1695673488173 0.01 536000
1695673512076 0.01 540000
1695673536218 0.01 544000
1695673560674 0.01 548000
1695673585610 0.01 552000
1695673610185 0.01 556000
1695673635031 0.01 560000
1695673659686 0.01 564000
1695673684234 0.01 568000
1695673708620 0.01 572000
1695673732860 0.01 576000
1695673757750 0.01 580000
1695673782367 0.01 584000
1695673807514 0.01 588000
1695673832047 0.01 592000
1695673856203 0.01 596000
1695673880522 0.01 600000
1695673904910 0.01 604000
1695673929394 0.01 608000
1695673953750 0.01 612000
1695673978540 0.01 616000
1695674003083 0.01 620000
1695674027394 0.01 624000
1695674051558 0.01 628000
1695674076395 0.01 632000
1695674101566 0.01 636000
1695674127688 0.01 640000
1695674152653 0.01 644000
1695674178846 0.01 648000
1695674203230 0.01 652000
1695674227525 0.01 656000
1695674253901 0.01 660000
1695674280069 0.01 664000
1695674308000 0.01 668000
1695674339485 0.01 672000
1695674364689 0.01 676000
1695674389685 0.01 680000
1695674416006 0.01 684000
1695674441543 0.01 688000
1695674466251 0.01 692000
1695674490563 0.01 696000
1695674514892 0.01 700000
1695674539953 0.01 704000
1695674564771 0.01 708000
1695674591001 0.01 712000
1695674616422 0.01 716000
1695674640690 0.01 720000
1695674664602 0.01 724000
1695674689483 0.01 728000
1695674715327 0.01 732000
1695674741312 0.01 736000
1695674765369 0.01 740000
1695674789571 0.01 744000
1695674813996 0.01 748000
1695674838247 0.01 752000
1695674862728 0.01 756000
1695674887058 0.01 760000
1695674912685 0.01 764000
1695674937787 0.01 768000
1695674962010 0.01 772000
1695674986074 0.01 776000
1695675010432 0.01 780000
1695675034638 0.01 784000
1695675058923 0.01 788000
1695675084003 0.01 792000
1695675109903 0.01 796000
1695675135607 0.01 800000
1695675164993 0.01 804000
1695675190862 0.01 808000
1695675216738 0.01 812000
1695675241485 0.01 816000
1695675266176 0.01 820000
1695675290890 0.01 824000
1695675315119 0.01 828000
1695675339967 0.01 832000
1695675364444 0.01 836000
1695675388718 0.01 840000
1695675415103 0.01 844000
1695675440319 0.01 848000
1695675465752 0.01 852000
1695675490929 0.01 856000
1695675516136 0.01 860000
1695675541868 0.01 864000
1695675568602 0.01 868000
1695675595612 0.01 872000
1695675622764 0.01 876000
1695675647762 0.01 880000
1695675672214 0.01 884000
1695675696702 0.01 888000
1695675721299 0.01 892000
1695675745724 0.01 896000
1695675769873 0.01 900000
1695675793554 0.01 904000
1695675817559 0.01 908000
1695675841516 0.01 912000
1695675865698 0.01 916000
