1695672410730 0.0 364000
1695672434634 0.0 368000
1695672460142 0.0 372000
1695672484840 0.0 376000
1695672510142 0.0 380000
1695672535480 0.0 384000
1695672561413 0.0 388000
1695672587157 0.0 392000
1695672613131 0.0 396000
1695672638758 0.0 400000
1695672664290 0.0 404000
1695672689745 0.0 408000
1695672716152 0.0 412000
1695672740998 0.0 416000
1695672764774 0.0 420000
1695672788725 0.0 424000
1695672812681 0.0 428000
1695672836721 0.0 432000
1695672860537 0.0 436000
1695672884329 0.0 440000
1695672908379 0.0 444000
1695672932466 0.0 448000
1695672956274 0.0 452000
1695672980199 0.0 456000
1695673004175 0.0 460000
1695673027706 0.0 464000
1695673052117 0.0 468000
1695673078167 0.0 472000
1695673103076 0.0 476000
1695673127952 0.0 480000
1695673152853 0.0 484000
1695673177677 0.0 488000
1695673202402 0.0 492000
1695673229108 0.0 496000
1695673257698 0.0 500000
1695673285274 0.0 504000
1695673312388 0.0 508000
1695673340403 0.0 512000
1695673365693 0.0 516000
1695673391339 0.0 520000
1695673415915 0.0 524000
1695673440092 0.0 528000
1695673464147 0.0 532000
1695673488157 0.0 536000
1695673512061 0.0 540000
1695673536202 0.0 544000
1695673560658 0.0 548000
1695673585594 0.0 552000
1695673610169 0.0 556000
1695673635015 0.0 560000
1695673659671 0.0 564000
1695673684219 0.0 568000
1695673708604 0.0 572000
1695673732844 0.0 576000
1695673757734 0.0 580000
1695673782351 0.0 584000
1695673807498 0.0 588000
1695673832031 0.0 592000
1695673856188 0.0 596000
1695673880506 0.0 600000
1695673904895 0.0 604000
1695673929379 0.0 608000
1695673953733 0.0 612000
1695673978525 0.0 616000
1695674003068 0.0 620000
1695674027378 0.0 624000
1695674051542 0.0 628000
1695674076380 0.0 632000
1695674101549 0.0 636000
1695674127673 0.0 640000
1695674152638 0.0 644000
1695674178830 0.0 648000
1695674203215 0.0 652000
1695674227510 0.0 656000
1695674253885 0.0 660000
1695674280053 0.0 664000
1695674307983 0.0 668000
1695674339469 0.0 672000
1695674364673 0.0 676000
1695674389669 0.0 680000
1695674415991 0.0 684000
1695674441528 0.0 688000
1695674466236 0.0 692000
1695674490548 0.0 696000
1695674514877 0.0 700000
1695674539937 0.0 704000
1695674564755 0.0 708000
1695674590985 0.0 712000
1695674616406 0.0 716000
1695674640674 0.0 720000
1695674664587 0.0 724000
1695674689467 0.0 728000
1695674715311 0.0 732000
1695674741297 0.0 736000
1695674765353 0.0 740000
1695674789556 0.0 744000
1695674813980 0.0 748000
1695674838231 0.0 752000
1695674862713 0.0 756000
1695674887042 0.0 760000
1695674912669 0.0 764000
1695674937772 0.0 768000
1695674961995 0.0 772000
1695674986059 0.0 776000
1695675010417 0.0 780000
1695675034622 0.0 784000
1695675058908 0.0 788000
1695675083987 0.0 792000
1695675109888 0.0 796000
1695675135586 0.0 800000
1695675164978 0.0 804000
1695675190848 0.0 808000
1695675216723 0.0 812000
1695675241469 0.0 816000
1695675266161 0.0 820000
1695675290874 0.0 824000
1695675315103 0.0 828000
1695675339951 0.0 832000
1695675364428 0.0 836000
1695675388702 0.0 840000
1695675415087 0.0 844000
1695675440304 0.0 848000
1695675465737 0.0 852000
1695675490914 0.0 856000
1695675516121 0.0 860000
1695675541853 0.0 864000
1695675568586 0.0 868000
1695675595596 0.0 872000
1695675622748 0.0 876000
1695675647746 0.0 880000
1695675672199 0.0 884000
1695675696686 0.0 888000
1695675721283 0.0 892000
1695675745708 0.0 896000
1695675769857 0.0 900000
1695675793538 0.0 904000
1695675817543 0.0 908000
1695675841500 0.0 912000
1695675865683 0.0 916000
