1695672410739 1.0 364000
1695672434644 1.0 368000
1695672460152 1.0 372000
1695672484849 1.0 376000
1695672510152 1.0 380000
1695672535492 1.0 384000
1695672561422 1.0 388000
1695672587166 1.0 392000
1695672613141 1.0 396000
1695672638768 1.0 400000
1695672664300 1.0 404000
1695672689754 1.0 408000
1695672716161 1.0 412000
1695672741009 1.0 416000
1695672764783 1.0 420000
1695672788734 1.0 424000
1695672812690 1.0 428000
1695672836730 1.0 432000
1695672860546 1.0 436000
1695672884338 1.0 440000
1695672908388 1.0 444000
1695672932475 1.0 448000
1695672956283 1.0 452000
1695672980209 1.0 456000
1695673004184 1.0 460000
1695673027715 1.0 464000
1695673052126 1.0 468000
1695673078177 1.0 472000
1695673103085 1.0 476000
1695673127962 1.0 480000
1695673152862 1.0 484000
1695673177685 1.0 488000
1695673202412 1.0 492000
1695673229118 1.0 496000
1695673257708 1.0 500000
1695673285284 1.0 504000
1695673312397 1.0 508000
1695673340413 1.0 512000
1695673365702 1.0 516000
1695673391349 1.0 520000
1695673415925 1.0 524000
1695673440101 1.0 528000
1695673464156 1.0 532000
1695673488167 1.0 536000
1695673512070 1.0 540000
1695673536211 1.0 544000
1695673560668 1.0 548000
1695673585604 1.0 552000
1695673610179 1.0 556000
1695673635025 1.0 560000
1695673659680 1.0 564000
1695673684228 1.0 568000
1695673708613 1.0 572000
1695673732853 1.0 576000
1695673757743 1.0 580000
1695673782361 1.0 584000
1695673807507 1.0 588000
1695673832041 1.0 592000
1695673856197 1.0 596000
1695673880515 1.0 600000
1695673904904 1.0 604000
1695673929388 1.0 608000
1695673953743 1.0 612000
1695673978534 1.0 616000
1695674003077 1.0 620000
1695674027387 1.0 624000
1695674051551 1.0 628000
1695674076389 1.0 632000
1695674101559 1.0 636000
1695674127682 1.0 640000
1695674152647 1.0 644000
1695674178840 1.0 648000
1695674203224 1.0 652000
1695674227519 1.0 656000
1695674253895 1.0 660000
1695674280063 1.0 664000
1695674307993 1.0 668000
1695674339479 1.0 672000
1695674364682 1.0 676000
1695674389679 1.0 680000
1695674416000 1.0 684000
1695674441537 1.0 688000
1695674466245 1.0 692000
1695674490557 1.0 696000
1695674514886 1.0 700000
1695674539947 1.0 704000
1695674564765 1.0 708000
1695674590995 1.0 712000
1695674616416 1.0 716000
1695674640683 1.0 720000
1695674664596 1.0 724000
1695674689477 1.0 728000
1695674715321 1.0 732000
1695674741306 1.0 736000
1695674765362 1.0 740000
1695674789565 1.0 744000
1695674813989 1.0 748000
1695674838241 1.0 752000
1695674862722 1.0 756000
1695674887052 1.0 760000
1695674912679 1.0 764000
1695674937781 1.0 768000
1695674962004 1.0 772000
1695674986068 1.0 776000
1695675010426 1.0 780000
1695675034632 1.0 784000
1695675058917 1.0 788000
1695675083997 1.0 792000
1695675109897 1.0 796000
1695675135599 1.0 800000
1695675164987 1.0 804000
1695675190856 1.0 808000
1695675216732 1.0 812000
1695675241479 1.0 816000
1695675266170 1.0 820000
1695675290884 1.0 824000
1695675315112 1.0 828000
1695675339961 1.0 832000
1695675364438 1.0 836000
1695675388712 1.0 840000
1695675415096 1.0 844000
1695675440313 1.0 848000
1695675465746 1.0 852000
1695675490923 1.0 856000
1695675516130 1.0 860000
1695675541862 1.0 864000
1695675568596 1.0 868000
1695675595605 1.0 872000
1695675622758 1.0 876000
1695675647755 1.0 880000
1695675672208 1.0 884000
1695675696695 1.0 888000
1695675721293 1.0 892000
1695675745717 1.0 896000
1695675769866 1.0 900000
1695675793548 1.0 904000
1695675817552 1.0 908000
1695675841509 1.0 912000
1695675865692 1.0 916000
