1695672410734 5e-05 364000
1695672434638 5e-05 368000
1695672460146 5e-05 372000
1695672484844 5e-05 376000
1695672510146 5e-05 380000
1695672535486 5e-05 384000
1695672561417 5e-05 388000
1695672587160 5e-05 392000
1695672613135 5e-05 396000
1695672638762 5e-05 400000
1695672664294 5e-05 404000
1695672689749 5e-05 408000
1695672716156 5e-05 412000
1695672741002 5e-05 416000
1695672764778 5e-05 420000
1695672788729 5e-05 424000
1695672812685 5e-05 428000
1695672836724 5e-05 432000
1695672860540 5e-05 436000
1695672884333 5e-05 440000
1695672908383 5e-05 444000
1695672932470 5e-05 448000
1695672956278 5e-05 452000
1695672980203 5e-05 456000
1695673004179 5e-05 460000
1695673027710 5e-05 464000
1695673052120 5e-05 468000
1695673078171 5e-05 472000
1695673103080 5e-05 476000
1695673127956 5e-05 480000
1695673152856 5e-05 484000
1695673177680 5e-05 488000
1695673202406 5e-05 492000
1695673229112 5e-05 496000
1695673257702 5e-05 500000
1695673285279 5e-05 504000
1695673312392 5e-05 508000
1695673340407 5e-05 512000
1695673365697 5e-05 516000
1695673391343 5e-05 520000
1695673415919 5e-05 524000
1695673440096 5e-05 528000
1695673464150 5e-05 532000
1695673488161 5e-05 536000
1695673512065 5e-05 540000
1695673536206 5e-05 544000
1695673560662 5e-05 548000
1695673585598 5e-05 552000
1695673610173 5e-05 556000
1695673635019 5e-05 560000
1695673659675 5e-05 564000
1695673684223 5e-05 568000
1695673708608 5e-05 572000
1695673732848 5e-05 576000
1695673757738 5e-05 580000
1695673782355 5e-05 584000
1695673807502 5e-05 588000
1695673832035 5e-05 592000
1695673856192 5e-05 596000
1695673880510 5e-05 600000
1695673904899 5e-05 604000
1695673929383 5e-05 608000
1695673953737 5e-05 612000
1695673978529 5e-05 616000
1695674003072 5e-05 620000
1695674027382 5e-05 624000
1695674051546 5e-05 628000
1695674076384 5e-05 632000
1695674101553 5e-05 636000
1695674127677 5e-05 640000
1695674152642 5e-05 644000
1695674178834 5e-05 648000
1695674203218 5e-05 652000
1695674227513 5e-05 656000
1695674253889 5e-05 660000
1695674280057 5e-05 664000
1695674307987 5e-05 668000
1695674339473 5e-05 672000
1695674364677 5e-05 676000
1695674389673 5e-05 680000
1695674415995 5e-05 684000
1695674441531 5e-05 688000
1695674466240 5e-05 692000
1695674490551 5e-05 696000
1695674514881 5e-05 700000
1695674539941 5e-05 704000
1695674564759 5e-05 708000
1695674590989 5e-05 712000
1695674616410 5e-05 716000
1695674640678 5e-05 720000
1695674664590 5e-05 724000
1695674689471 5e-05 728000
1695674715315 5e-05 732000
1695674741301 5e-05 736000
1695674765357 5e-05 740000
1695674789559 5e-05 744000
1695674813984 5e-05 748000
1695674838235 5e-05 752000
1695674862717 5e-05 756000
1695674887046 5e-05 760000
1695674912673 5e-05 764000
1695674937776 5e-05 768000
1695674961999 5e-05 772000
1695674986062 5e-05 776000
1695675010421 5e-05 780000
1695675034626 5e-05 784000
1695675058912 5e-05 788000
1695675083991 5e-05 792000
1695675109892 5e-05 796000
1695675135591 5e-05 800000
1695675164982 5e-05 804000
1695675190851 5e-05 808000
1695675216727 5e-05 812000
1695675241473 5e-05 816000
1695675266165 5e-05 820000
1695675290878 5e-05 824000
1695675315107 5e-05 828000
1695675339955 5e-05 832000
1695675364432 5e-05 836000
1695675388706 5e-05 840000
1695675415091 5e-05 844000
1695675440307 5e-05 848000
1695675465741 5e-05 852000
1695675490917 5e-05 856000
1695675516125 5e-05 860000
1695675541857 5e-05 864000
1695675568590 5e-05 868000
1695675595600 5e-05 872000
1695675622752 5e-05 876000
1695675647749 5e-05 880000
1695675672203 5e-05 884000
1695675696690 5e-05 888000
1695675721287 5e-05 892000
1695675745712 5e-05 896000
1695675769861 5e-05 900000
1695675793542 5e-05 904000
1695675817546 5e-05 908000
1695675841504 5e-05 912000
1695675865687 5e-05 916000
