1695672410734 2.0 364000
1695672434638 2.0 368000
1695672460146 2.0 372000
1695672484844 2.0 376000
1695672510147 2.0 380000
1695672535486 2.0 384000
1695672561417 2.0 388000
1695672587161 2.0 392000
1695672613136 2.0 396000
1695672638762 2.0 400000
1695672664295 2.0 404000
1695672689749 2.0 408000
1695672716156 2.0 412000
1695672741002 2.0 416000
1695672764778 2.0 420000
1695672788729 2.0 424000
1695672812686 2.0 428000
1695672836725 2.0 432000
1695672860541 2.0 436000
1695672884333 2.0 440000
1695672908383 2.0 444000
1695672932470 2.0 448000
1695672956278 2.0 452000
1695672980204 2.0 456000
1695673004179 2.0 460000
1695673027710 2.0 464000
1695673052121 2.0 468000
1695673078172 2.0 472000
1695673103080 2.0 476000
1695673127957 2.0 480000
1695673152857 2.0 484000
1695673177681 2.0 488000
1695673202407 2.0 492000
1695673229113 2.0 496000
1695673257702 2.0 500000
1695673285279 2.0 504000
1695673312392 2.0 508000
1695673340408 2.0 512000
1695673365697 2.0 516000
1695673391344 2.0 520000
1695673415920 2.0 524000
1695673440096 2.0 528000
1695673464151 2.0 532000
1695673488161 2.0 536000
1695673512065 2.0 540000
1695673536206 2.0 544000
1695673560663 2.0 548000
1695673585599 2.0 552000
1695673610174 2.0 556000
1695673635020 2.0 560000
1695673659675 2.0 564000
1695673684223 2.0 568000
1695673708608 2.0 572000
1695673732848 2.0 576000
1695673757738 2.0 580000
1695673782356 2.0 584000
1695673807502 2.0 588000
1695673832036 2.0 592000
1695673856192 2.0 596000
1695673880510 2.0 600000
1695673904899 2.0 604000
1695673929383 2.0 608000
1695673953737 2.0 612000
1695673978529 2.0 616000
1695674003072 2.0 620000
1695674027382 2.0 624000
1695674051546 2.0 628000
1695674076384 2.0 632000
1695674101554 2.0 636000
1695674127677 2.0 640000
1695674152642 2.0 644000
1695674178835 2.0 648000
1695674203219 2.0 652000
1695674227514 2.0 656000
1695674253890 2.0 660000
1695674280058 2.0 664000
1695674307987 2.0 668000
1695674339474 2.0 672000
1695674364677 2.0 676000
1695674389674 2.0 680000
1695674415995 2.0 684000
1695674441532 2.0 688000
1695674466240 2.0 692000
1695674490552 2.0 696000
1695674514881 2.0 700000
1695674539942 2.0 704000
1695674564760 2.0 708000
1695674590989 2.0 712000
1695674616411 2.0 716000
1695674640678 2.0 720000
1695674664591 2.0 724000
1695674689472 2.0 728000
1695674715316 2.0 732000
1695674741301 2.0 736000
1695674765357 2.0 740000
1695674789560 2.0 744000
1695674813984 2.0 748000
1695674838236 2.0 752000
1695674862717 2.0 756000
1695674887047 2.0 760000
1695674912674 2.0 764000
1695674937776 2.0 768000
1695674961999 2.0 772000
1695674986063 2.0 776000
1695675010421 2.0 780000
1695675034626 2.0 784000
1695675058912 2.0 788000
1695675083992 2.0 792000
1695675109892 2.0 796000
1695675135592 2.0 800000
1695675164982 2.0 804000
1695675190851 2.0 808000
1695675216727 2.0 812000
1695675241473 2.0 816000
1695675266165 2.0 820000
1695675290879 2.0 824000
1695675315107 2.0 828000
1695675339956 2.0 832000
1695675364432 2.0 836000
1695675388707 2.0 840000
1695675415091 2.0 844000
1695675440308 2.0 848000
1695675465741 2.0 852000
1695675490918 2.0 856000
1695675516125 2.0 860000
1695675541857 2.0 864000
1695675568591 2.0 868000
1695675595600 2.0 872000
1695675622753 2.0 876000
1695675647750 2.0 880000
1695675672203 2.0 884000
1695675696690 2.0 888000
1695675721288 2.0 892000
1695675745712 2.0 896000
1695675769861 2.0 900000
1695675793543 2.0 904000
1695675817547 2.0 908000
1695675841504 2.0 912000
1695675865687 2.0 916000
