1695672410740 1000.0 364000
1695672434645 1000.0 368000
1695672460153 1000.0 372000
1695672484850 1000.0 376000
1695672510153 1000.0 380000
1695672535493 1000.0 384000
1695672561423 1000.0 388000
1695672587167 1000.0 392000
1695672613142 1000.0 396000
1695672638769 1000.0 400000
1695672664301 1000.0 404000
1695672689755 1000.0 408000
1695672716162 1000.0 412000
1695672741010 1000.0 416000
1695672764784 1000.0 420000
1695672788735 1000.0 424000
1695672812691 1000.0 428000
1695672836731 1000.0 432000
1695672860547 1000.0 436000
1695672884339 1000.0 440000
1695672908389 1000.0 444000
1695672932476 1000.0 448000
1695672956284 1000.0 452000
1695672980210 1000.0 456000
1695673004185 1000.0 460000
1695673027716 1000.0 464000
1695673052127 1000.0 468000
1695673078178 1000.0 472000
1695673103086 1000.0 476000
1695673127963 1000.0 480000
1695673152863 1000.0 484000
1695673177686 1000.0 488000
1695673202413 1000.0 492000
1695673229120 1000.0 496000
1695673257709 1000.0 500000
1695673285285 1000.0 504000
1695673312398 1000.0 508000
1695673340414 1000.0 512000
1695673365703 1000.0 516000
1695673391350 1000.0 520000
1695673415926 1000.0 524000
1695673440102 1000.0 528000
1695673464157 1000.0 532000
1695673488168 1000.0 536000
1695673512071 1000.0 540000
1695673536212 1000.0 544000
1695673560669 1000.0 548000
1695673585605 1000.0 552000
1695673610180 1000.0 556000
1695673635026 1000.0 560000
1695673659681 1000.0 564000
1695673684229 1000.0 568000
1695673708614 1000.0 572000
1695673732854 1000.0 576000
1695673757744 1000.0 580000
1695673782362 1000.0 584000
1695673807508 1000.0 588000
1695673832042 1000.0 592000
1695673856198 1000.0 596000
1695673880516 1000.0 600000
1695673904905 1000.0 604000
1695673929389 1000.0 608000
1695673953744 1000.0 612000
1695673978535 1000.0 616000
1695674003078 1000.0 620000
1695674027388 1000.0 624000
1695674051552 1000.0 628000
1695674076390 1000.0 632000
1695674101560 1000.0 636000
1695674127683 1000.0 640000
1695674152648 1000.0 644000
1695674178841 1000.0 648000
1695674203225 1000.0 652000
1695674227520 1000.0 656000
1695674253896 1000.0 660000
1695674280064 1000.0 664000
1695674307994 1000.0 668000
1695674339480 1000.0 672000
1695674364683 1000.0 676000
1695674389680 1000.0 680000
1695674416001 1000.0 684000
1695674441538 1000.0 688000
1695674466246 1000.0 692000
1695674490558 1000.0 696000
1695674514887 1000.0 700000
1695674539948 1000.0 704000
1695674564766 1000.0 708000
1695674590996 1000.0 712000
1695674616417 1000.0 716000
1695674640684 1000.0 720000
1695674664597 1000.0 724000
1695674689478 1000.0 728000
1695674715322 1000.0 732000
1695674741307 1000.0 736000
1695674765363 1000.0 740000
1695674789566 1000.0 744000
1695674813990 1000.0 748000
1695674838242 1000.0 752000
1695674862723 1000.0 756000
1695674887053 1000.0 760000
1695674912679 1000.0 764000
1695674937782 1000.0 768000
1695674962005 1000.0 772000
1695674986069 1000.0 776000
1695675010427 1000.0 780000
1695675034632 1000.0 784000
1695675058918 1000.0 788000
1695675083998 1000.0 792000
1695675109898 1000.0 796000
1695675135600 1000.0 800000
1695675164988 1000.0 804000
1695675190857 1000.0 808000
1695675216733 1000.0 812000
1695675241479 1000.0 816000
1695675266171 1000.0 820000
1695675290884 1000.0 824000
1695675315113 1000.0 828000
1695675339962 1000.0 832000
1695675364439 1000.0 836000
1695675388713 1000.0 840000
1695675415097 1000.0 844000
1695675440314 1000.0 848000
1695675465747 1000.0 852000
1695675490924 1000.0 856000
1695675516131 1000.0 860000
1695675541863 1000.0 864000
1695675568597 1000.0 868000
1695675595606 1000.0 872000
1695675622759 1000.0 876000
1695675647756 1000.0 880000
1695675672209 1000.0 884000
1695675696696 1000.0 888000
1695675721294 1000.0 892000
1695675745718 1000.0 896000
1695675769867 1000.0 900000
1695675793549 1000.0 904000
1695675817553 1000.0 908000
1695675841510 1000.0 912000
1695675865693 1000.0 916000
