1695672410738 60.0 364000
1695672434642 60.0 368000
1695672460150 60.0 372000
1695672484848 60.0 376000
1695672510151 60.0 380000
1695672535490 60.0 384000
1695672561421 60.0 388000
1695672587165 60.0 392000
1695672613140 60.0 396000
1695672638766 60.0 400000
1695672664298 60.0 404000
1695672689753 60.0 408000
1695672716160 60.0 412000
1695672741007 60.0 416000
1695672764782 60.0 420000
1695672788733 60.0 424000
1695672812689 60.0 428000
1695672836728 60.0 432000
1695672860544 60.0 436000
1695672884337 60.0 440000
1695672908387 60.0 444000
1695672932474 60.0 448000
1695672956282 60.0 452000
1695672980207 60.0 456000
1695673004183 60.0 460000
1695673027714 60.0 464000
1695673052125 60.0 468000
1695673078176 60.0 472000
1695673103084 60.0 476000
1695673127961 60.0 480000
1695673152861 60.0 484000
1695673177684 60.0 488000
1695673202411 60.0 492000
1695673229117 60.0 496000
1695673257706 60.0 500000
1695673285283 60.0 504000
1695673312396 60.0 508000
1695673340412 60.0 512000
1695673365701 60.0 516000
1695673391347 60.0 520000
1695673415924 60.0 524000
1695673440100 60.0 528000
1695673464155 60.0 532000
1695673488165 60.0 536000
1695673512069 60.0 540000
1695673536210 60.0 544000
1695673560666 60.0 548000
1695673585602 60.0 552000
1695673610178 60.0 556000
1695673635023 60.0 560000
1695673659679 60.0 564000
1695673684227 60.0 568000
1695673708612 60.0 572000
1695673732852 60.0 576000
1695673757742 60.0 580000
1695673782359 60.0 584000
1695673807506 60.0 588000
1695673832039 60.0 592000
1695673856196 60.0 596000
1695673880514 60.0 600000
1695673904903 60.0 604000
1695673929387 60.0 608000
1695673953742 60.0 612000
1695673978533 60.0 616000
1695674003076 60.0 620000
1695674027386 60.0 624000
1695674051550 60.0 628000
1695674076388 60.0 632000
1695674101558 60.0 636000
1695674127681 60.0 640000
1695674152646 60.0 644000
1695674178839 60.0 648000
1695674203223 60.0 652000
1695674227517 60.0 656000
1695674253893 60.0 660000
1695674280062 60.0 664000
1695674307992 60.0 668000
1695674339477 60.0 672000
1695674364681 60.0 676000
1695674389678 60.0 680000
1695674415999 60.0 684000
1695674441535 60.0 688000
1695674466244 60.0 692000
1695674490556 60.0 696000
1695674514885 60.0 700000
1695674539945 60.0 704000
1695674564763 60.0 708000
1695674590993 60.0 712000
1695674616415 60.0 716000
1695674640682 60.0 720000
1695674664594 60.0 724000
1695674689475 60.0 728000
1695674715320 60.0 732000
1695674741305 60.0 736000
1695674765361 60.0 740000
1695674789563 60.0 744000
1695674813988 60.0 748000
1695674838240 60.0 752000
1695674862721 60.0 756000
1695674887050 60.0 760000
1695674912677 60.0 764000
1695674937780 60.0 768000
1695674962003 60.0 772000
1695674986066 60.0 776000
1695675010425 60.0 780000
1695675034630 60.0 784000
1695675058916 60.0 788000
1695675083996 60.0 792000
1695675109896 60.0 796000
1695675135597 60.0 800000
1695675164986 60.0 804000
1695675190855 60.0 808000
1695675216731 60.0 812000
1695675241477 60.0 816000
1695675266169 60.0 820000
1695675290882 60.0 824000
1695675315111 60.0 828000
1695675339960 60.0 832000
1695675364436 60.0 836000
1695675388711 60.0 840000
1695675415095 60.0 844000
1695675440312 60.0 848000
1695675465745 60.0 852000
1695675490922 60.0 856000
1695675516129 60.0 860000
1695675541861 60.0 864000
1695675568594 60.0 868000
1695675595604 60.0 872000
1695675622756 60.0 876000
1695675647754 60.0 880000
1695675672207 60.0 884000
1695675696694 60.0 888000
1695675721292 60.0 892000
1695675745716 60.0 896000
1695675769865 60.0 900000
1695675793546 60.0 904000
1695675817551 60.0 908000
1695675841508 60.0 912000
1695675865691 60.0 916000
