1695672410738 100.0 364000
1695672434643 100.0 368000
1695672460151 100.0 372000
1695672484848 100.0 376000
1695672510151 100.0 380000
1695672535491 100.0 384000
1695672561421 100.0 388000
1695672587165 100.0 392000
1695672613140 100.0 396000
1695672638767 100.0 400000
1695672664299 100.0 404000
1695672689753 100.0 408000
1695672716160 100.0 412000
1695672741007 100.0 416000
1695672764782 100.0 420000
1695672788733 100.0 424000
1695672812689 100.0 428000
1695672836729 100.0 432000
1695672860545 100.0 436000
1695672884337 100.0 440000
1695672908387 100.0 444000
1695672932474 100.0 448000
1695672956282 100.0 452000
1695672980208 100.0 456000
1695673004183 100.0 460000
1695673027714 100.0 464000
1695673052125 100.0 468000
1695673078176 100.0 472000
1695673103084 100.0 476000
1695673127961 100.0 480000
1695673152861 100.0 484000
1695673177685 100.0 488000
1695673202411 100.0 492000
1695673229117 100.0 496000
1695673257707 100.0 500000
1695673285283 100.0 504000
1695673312396 100.0 508000
1695673340412 100.0 512000
1695673365701 100.0 516000
1695673391348 100.0 520000
1695673415924 100.0 524000
1695673440100 100.0 528000
1695673464155 100.0 532000
1695673488165 100.0 536000
1695673512069 100.0 540000
1695673536210 100.0 544000
1695673560667 100.0 548000
1695673585603 100.0 552000
1695673610178 100.0 556000
1695673635024 100.0 560000
1695673659679 100.0 564000
1695673684227 100.0 568000
1695673708612 100.0 572000
1695673732852 100.0 576000
1695673757742 100.0 580000
1695673782360 100.0 584000
1695673807506 100.0 588000
1695673832040 100.0 592000
1695673856196 100.0 596000
1695673880514 100.0 600000
1695673904903 100.0 604000
1695673929387 100.0 608000
1695673953742 100.0 612000
1695673978533 100.0 616000
1695674003076 100.0 620000
1695674027386 100.0 624000
1695674051550 100.0 628000
1695674076388 100.0 632000
1695674101558 100.0 636000
1695674127681 100.0 640000
1695674152646 100.0 644000
1695674178839 100.0 648000
1695674203223 100.0 652000
1695674227518 100.0 656000
1695674253894 100.0 660000
1695674280062 100.0 664000
1695674307992 100.0 668000
1695674339478 100.0 672000
1695674364681 100.0 676000
1695674389678 100.0 680000
1695674415999 100.0 684000
1695674441536 100.0 688000
1695674466244 100.0 692000
1695674490556 100.0 696000
1695674514885 100.0 700000
1695674539946 100.0 704000
1695674564764 100.0 708000
1695674590994 100.0 712000
1695674616415 100.0 716000
1695674640682 100.0 720000
1695674664595 100.0 724000
1695674689476 100.0 728000
1695674715320 100.0 732000
1695674741305 100.0 736000
1695674765361 100.0 740000
1695674789564 100.0 744000
1695674813988 100.0 748000
1695674838240 100.0 752000
1695674862721 100.0 756000
1695674887051 100.0 760000
1695674912678 100.0 764000
1695674937780 100.0 768000
1695674962003 100.0 772000
1695674986067 100.0 776000
1695675010425 100.0 780000
1695675034631 100.0 784000
1695675058916 100.0 788000
1695675083996 100.0 792000
1695675109896 100.0 796000
1695675135597 100.0 800000
1695675164986 100.0 804000
1695675190855 100.0 808000
1695675216731 100.0 812000
1695675241477 100.0 816000
1695675266169 100.0 820000
1695675290883 100.0 824000
1695675315111 100.0 828000
1695675339960 100.0 832000
1695675364437 100.0 836000
1695675388711 100.0 840000
1695675415095 100.0 844000
1695675440312 100.0 848000
1695675465745 100.0 852000
1695675490922 100.0 856000
1695675516129 100.0 860000
1695675541861 100.0 864000
1695675568595 100.0 868000
1695675595604 100.0 872000
1695675622757 100.0 876000
1695675647754 100.0 880000
1695675672207 100.0 884000
1695675696694 100.0 888000
1695675721292 100.0 892000
1695675745716 100.0 896000
1695675769865 100.0 900000
1695675793547 100.0 904000
1695675817551 100.0 908000
1695675841508 100.0 912000
1695675865691 100.0 916000
