1695672410731 1.0 364000
1695672434635 1.0 368000
1695672460143 1.0 372000
1695672484841 1.0 376000
1695672510143 1.0 380000
1695672535482 1.0 384000
1695672561414 1.0 388000
1695672587157 1.0 392000
1695672613132 1.0 396000
1695672638759 1.0 400000
1695672664291 1.0 404000
1695672689746 1.0 408000
1695672716153 1.0 412000
1695672740999 1.0 416000
1695672764775 1.0 420000
1695672788726 1.0 424000
1695672812682 1.0 428000
1695672836722 1.0 432000
1695672860538 1.0 436000
1695672884330 1.0 440000
1695672908380 1.0 444000
1695672932467 1.0 448000
1695672956275 1.0 452000
1695672980200 1.0 456000
1695673004176 1.0 460000
1695673027707 1.0 464000
1695673052117 1.0 468000
1695673078168 1.0 472000
1695673103077 1.0 476000
1695673127953 1.0 480000
1695673152854 1.0 484000
1695673177677 1.0 488000
1695673202403 1.0 492000
1695673229109 1.0 496000
1695673257699 1.0 500000
1695673285275 1.0 504000
1695673312389 1.0 508000
1695673340404 1.0 512000
1695673365694 1.0 516000
1695673391340 1.0 520000
1695673415916 1.0 524000
1695673440093 1.0 528000
1695673464147 1.0 532000
1695673488158 1.0 536000
1695673512062 1.0 540000
1695673536203 1.0 544000
1695673560659 1.0 548000
1695673585595 1.0 552000
1695673610170 1.0 556000
1695673635016 1.0 560000
1695673659672 1.0 564000
1695673684220 1.0 568000
1695673708605 1.0 572000
1695673732845 1.0 576000
1695673757735 1.0 580000
1695673782352 1.0 584000
1695673807499 1.0 588000
1695673832032 1.0 592000
1695673856189 1.0 596000
1695673880507 1.0 600000
1695673904896 1.0 604000
1695673929380 1.0 608000
1695673953734 1.0 612000
1695673978526 1.0 616000
1695674003069 1.0 620000
1695674027379 1.0 624000
1695674051543 1.0 628000
1695674076381 1.0 632000
1695674101550 1.0 636000
1695674127673 1.0 640000
1695674152639 1.0 644000
1695674178831 1.0 648000
1695674203215 1.0 652000
1695674227510 1.0 656000
1695674253886 1.0 660000
1695674280054 1.0 664000
1695674307984 1.0 668000
1695674339470 1.0 672000
1695674364674 1.0 676000
1695674389670 1.0 680000
1695674415992 1.0 684000
1695674441528 1.0 688000
1695674466237 1.0 692000
1695674490548 1.0 696000
1695674514878 1.0 700000
1695674539938 1.0 704000
1695674564756 1.0 708000
1695674590986 1.0 712000
1695674616407 1.0 716000
1695674640675 1.0 720000
1695674664587 1.0 724000
1695674689468 1.0 728000
1695674715312 1.0 732000
1695674741298 1.0 736000
1695674765354 1.0 740000
1695674789556 1.0 744000
1695674813981 1.0 748000
1695674838232 1.0 752000
1695674862714 1.0 756000
1695674887043 1.0 760000
1695674912670 1.0 764000
1695674937773 1.0 768000
1695674961996 1.0 772000
1695674986059 1.0 776000
1695675010418 1.0 780000
1695675034623 1.0 784000
1695675058909 1.0 788000
1695675083988 1.0 792000
1695675109889 1.0 796000
1695675135587 1.0 800000
1695675164979 1.0 804000
1695675190848 1.0 808000
1695675216724 1.0 812000
1695675241470 1.0 816000
1695675266162 1.0 820000
1695675290875 1.0 824000
1695675315104 1.0 828000
1695675339952 1.0 832000
1695675364429 1.0 836000
1695675388703 1.0 840000
1695675415088 1.0 844000
1695675440305 1.0 848000
1695675465738 1.0 852000
1695675490915 1.0 856000
1695675516122 1.0 860000
1695675541854 1.0 864000
1695675568587 1.0 868000
1695675595597 1.0 872000
1695675622749 1.0 876000
1695675647746 1.0 880000
1695675672200 1.0 884000
1695675696687 1.0 888000
1695675721284 1.0 892000
1695675745709 1.0 896000
1695675769858 1.0 900000
1695675793539 1.0 904000
1695675817543 1.0 908000
1695675841501 1.0 912000
1695675865684 1.0 916000
