1695672410729 1.0 364000
1695672434632 1.0 368000
1695672460141 1.0 372000
1695672484839 1.0 376000
1695672510141 1.0 380000
1695672535479 1.0 384000
1695672561412 1.0 388000
1695672587156 1.0 392000
1695672613130 1.0 396000
1695672638757 1.0 400000
1695672664289 1.0 404000
1695672689744 1.0 408000
1695672716151 1.0 412000
1695672740997 1.0 416000
1695672764773 1.0 420000
1695672788724 1.0 424000
1695672812680 1.0 428000
1695672836720 1.0 432000
1695672860536 1.0 436000
1695672884328 1.0 440000
1695672908378 1.0 444000
1695672932465 1.0 448000
1695672956273 1.0 452000
1695672980198 1.0 456000
1695673004174 1.0 460000
1695673027705 1.0 464000
1695673052115 1.0 468000
1695673078166 1.0 472000
1695673103075 1.0 476000
1695673127951 1.0 480000
1695673152852 1.0 484000
1695673177675 1.0 488000
1695673202401 1.0 492000
1695673229107 1.0 496000
1695673257697 1.0 500000
1695673285273 1.0 504000
1695673312386 1.0 508000
1695673340402 1.0 512000
1695673365692 1.0 516000
1695673391338 1.0 520000
1695673415914 1.0 524000
1695673440091 1.0 528000
1695673464145 1.0 532000
1695673488156 1.0 536000
1695673512060 1.0 540000
1695673536201 1.0 544000
1695673560657 1.0 548000
1695673585593 1.0 552000
1695673610168 1.0 556000
1695673635014 1.0 560000
1695673659670 1.0 564000
1695673684218 1.0 568000
1695673708603 1.0 572000
1695673732843 1.0 576000
1695673757733 1.0 580000
1695673782350 1.0 584000
1695673807496 1.0 588000
1695673832030 1.0 592000
1695673856187 1.0 596000
1695673880505 1.0 600000
1695673904894 1.0 604000
1695673929378 1.0 608000
1695673953732 1.0 612000
1695673978524 1.0 616000
1695674003067 1.0 620000
1695674027377 1.0 624000
1695674051541 1.0 628000
1695674076379 1.0 632000
1695674101548 1.0 636000
1695674127672 1.0 640000
1695674152637 1.0 644000
1695674178829 1.0 648000
1695674203214 1.0 652000
1695674227508 1.0 656000
1695674253884 1.0 660000
1695674280052 1.0 664000
1695674307980 1.0 668000
1695674339468 1.0 672000
1695674364672 1.0 676000
1695674389668 1.0 680000
1695674415990 1.0 684000
1695674441526 1.0 688000
1695674466234 1.0 692000
1695674490546 1.0 696000
1695674514876 1.0 700000
1695674539936 1.0 704000
1695674564754 1.0 708000
1695674590984 1.0 712000
1695674616405 1.0 716000
1695674640673 1.0 720000
1695674664586 1.0 724000
1695674689466 1.0 728000
1695674715310 1.0 732000
1695674741296 1.0 736000
1695674765352 1.0 740000
1695674789554 1.0 744000
1695674813979 1.0 748000
1695674838230 1.0 752000
1695674862712 1.0 756000
1695674887041 1.0 760000
1695674912668 1.0 764000
1695674937771 1.0 768000
1695674961994 1.0 772000
1695674986057 1.0 776000
1695675010416 1.0 780000
1695675034621 1.0 784000
1695675058907 1.0 788000
1695675083986 1.0 792000
1695675109887 1.0 796000
1695675135584 1.0 800000
1695675164977 1.0 804000
1695675190846 1.0 808000
1695675216722 1.0 812000
1695675241468 1.0 816000
1695675266160 1.0 820000
1695675290873 1.0 824000
1695675315102 1.0 828000
1695675339950 1.0 832000
1695675364427 1.0 836000
1695675388701 1.0 840000
1695675415086 1.0 844000
1695675440303 1.0 848000
1695675465736 1.0 852000
1695675490913 1.0 856000
1695675516120 1.0 860000
1695675541852 1.0 864000
1695675568585 1.0 868000
1695675595595 1.0 872000
1695675622747 1.0 876000
1695675647744 1.0 880000
1695675672198 1.0 884000
1695675696685 1.0 888000
1695675721282 1.0 892000
1695675745707 1.0 896000
1695675769856 1.0 900000
1695675793537 1.0 904000
1695675817541 1.0 908000
1695675841499 1.0 912000
1695675865682 1.0 916000
