1695672410744 30.0 364000
1695672434649 30.0 368000
1695672460157 30.0 372000
1695672484856 30.0 376000
1695672510157 30.0 380000
1695672535497 30.0 384000
1695672561427 30.0 388000
1695672587171 30.0 392000
1695672613146 30.0 396000
1695672638773 30.0 400000
1695672664305 30.0 404000
1695672689759 30.0 408000
1695672716167 30.0 412000
1695672741014 30.0 416000
1695672764788 30.0 420000
1695672788739 30.0 424000
1695672812695 30.0 428000
1695672836734 30.0 432000
1695672860551 30.0 436000
1695672884343 30.0 440000
1695672908393 30.0 444000
1695672932480 30.0 448000
1695672956288 30.0 452000
1695672980214 30.0 456000
1695673004189 30.0 460000
1695673027720 30.0 464000
1695673052131 30.0 468000
1695673078182 30.0 472000
1695673103090 30.0 476000
1695673127967 30.0 480000
1695673152867 30.0 484000
1695673177690 30.0 488000
1695673202417 30.0 492000
1695673229124 30.0 496000
1695673257713 30.0 500000
1695673285289 30.0 504000
1695673312402 30.0 508000
1695673340418 30.0 512000
1695673365707 30.0 516000
1695673391354 30.0 520000
1695673415930 30.0 524000
1695673440106 30.0 528000
1695673464161 30.0 532000
1695673488172 30.0 536000
1695673512075 30.0 540000
1695673536216 30.0 544000
1695673560673 30.0 548000
1695673585608 30.0 552000
1695673610184 30.0 556000
1695673635030 30.0 560000
1695673659685 30.0 564000
1695673684233 30.0 568000
1695673708618 30.0 572000
1695673732858 30.0 576000
1695673757748 30.0 580000
1695673782366 30.0 584000
1695673807512 30.0 588000
1695673832046 30.0 592000
1695673856202 30.0 596000
1695673880520 30.0 600000
1695673904909 30.0 604000
1695673929393 30.0 608000
1695673953749 30.0 612000
1695673978539 30.0 616000
1695674003082 30.0 620000
1695674027393 30.0 624000
1695674051556 30.0 628000
1695674076394 30.0 632000
1695674101564 30.0 636000
1695674127687 30.0 640000
1695674152652 30.0 644000
1695674178845 30.0 648000
1695674203229 30.0 652000
1695674227524 30.0 656000
1695674253900 30.0 660000
1695674280068 30.0 664000
1695674307999 30.0 668000
1695674339484 30.0 672000
1695674364687 30.0 676000
1695674389684 30.0 680000
1695674416005 30.0 684000
1695674441542 30.0 688000
1695674466250 30.0 692000
1695674490562 30.0 696000
1695674514891 30.0 700000
1695674539952 30.0 704000
1695674564770 30.0 708000
1695674591000 30.0 712000
1695674616421 30.0 716000
1695674640688 30.0 720000
1695674664600 30.0 724000
1695674689482 30.0 728000
1695674715326 30.0 732000
1695674741311 30.0 736000
1695674765368 30.0 740000
1695674789570 30.0 744000
1695674813994 30.0 748000
1695674838246 30.0 752000
1695674862727 30.0 756000
1695674887057 30.0 760000
1695674912683 30.0 764000
1695674937786 30.0 768000
1695674962009 30.0 772000
1695674986073 30.0 776000
1695675010431 30.0 780000
1695675034636 30.0 784000
1695675058922 30.0 788000
1695675084002 30.0 792000
1695675109902 30.0 796000
1695675135605 30.0 800000
1695675164992 30.0 804000
1695675190861 30.0 808000
1695675216737 30.0 812000
1695675241483 30.0 816000
1695675266175 30.0 820000
1695675290889 30.0 824000
1695675315117 30.0 828000
1695675339966 30.0 832000
1695675364443 30.0 836000
1695675388717 30.0 840000
1695675415102 30.0 844000
1695675440318 30.0 848000
1695675465751 30.0 852000
1695675490927 30.0 856000
1695675516135 30.0 860000
1695675541867 30.0 864000
1695675568601 30.0 868000
1695675595610 30.0 872000
1695675622763 30.0 876000
1695675647760 30.0 880000
1695675672213 30.0 884000
1695675696700 30.0 888000
1695675721298 30.0 892000
1695675745722 30.0 896000
1695675769871 30.0 900000
1695675793553 30.0 904000
1695675817557 30.0 908000
1695675841514 30.0 912000
1695675865697 30.0 916000
