1695672410746 10.0 364000
1695672434651 10.0 368000
1695672460159 10.0 372000
1695672484859 10.0 376000
1695672510159 10.0 380000
1695672535500 10.0 384000
1695672561429 10.0 388000
1695672587173 10.0 392000
1695672613148 10.0 396000
1695672638775 10.0 400000
1695672664307 10.0 404000
1695672689761 10.0 408000
1695672716169 10.0 412000
1695672741016 10.0 416000
1695672764791 10.0 420000
1695672788741 10.0 424000
1695672812697 10.0 428000
1695672836737 10.0 432000
1695672860553 10.0 436000
1695672884345 10.0 440000
1695672908396 10.0 444000
1695672932482 10.0 448000
1695672956290 10.0 452000
1695672980216 10.0 456000
1695673004191 10.0 460000
1695673027722 10.0 464000
1695673052133 10.0 468000
1695673078184 10.0 472000
1695673103093 10.0 476000
1695673127969 10.0 480000
1695673152869 10.0 484000
1695673177692 10.0 488000
1695673202420 10.0 492000
1695673229126 10.0 496000
1695673257715 10.0 500000
1695673285291 10.0 504000
1695673312405 10.0 508000
1695673340420 10.0 512000
1695673365709 10.0 516000
1695673391356 10.0 520000
1695673415932 10.0 524000
1695673440108 10.0 528000
1695673464163 10.0 532000
1695673488174 10.0 536000
1695673512077 10.0 540000
1695673536219 10.0 544000
1695673560675 10.0 548000
1695673585611 10.0 552000
1695673610186 10.0 556000
1695673635032 10.0 560000
1695673659687 10.0 564000
1695673684235 10.0 568000
1695673708621 10.0 572000
1695673732861 10.0 576000
1695673757751 10.0 580000
1695673782368 10.0 584000
1695673807515 10.0 588000
1695673832048 10.0 592000
1695673856204 10.0 596000
1695673880523 10.0 600000
1695673904911 10.0 604000
1695673929395 10.0 608000
1695673953751 10.0 612000
1695673978541 10.0 616000
1695674003084 10.0 620000
1695674027395 10.0 624000
1695674051559 10.0 628000
1695674076396 10.0 632000
1695674101567 10.0 636000
1695674127689 10.0 640000
1695674152654 10.0 644000
1695674178847 10.0 648000
1695674203231 10.0 652000
1695674227526 10.0 656000
1695674253902 10.0 660000
1695674280070 10.0 664000
1695674308001 10.0 668000
1695674339486 10.0 672000
1695674364690 10.0 676000
1695674389686 10.0 680000
1695674416007 10.0 684000
1695674441544 10.0 688000
1695674466252 10.0 692000
1695674490564 10.0 696000
1695674514893 10.0 700000
1695674539954 10.0 704000
1695674564772 10.0 708000
1695674591002 10.0 712000
1695674616423 10.0 716000
1695674640691 10.0 720000
1695674664603 10.0 724000
1695674689484 10.0 728000
1695674715328 10.0 732000
1695674741313 10.0 736000
1695674765370 10.0 740000
1695674789572 10.0 744000
1695674813997 10.0 748000
1695674838248 10.0 752000
1695674862729 10.0 756000
1695674887059 10.0 760000
1695674912686 10.0 764000
1695674937788 10.0 768000
1695674962011 10.0 772000
1695674986075 10.0 776000
1695675010433 10.0 780000
1695675034639 10.0 784000
1695675058924 10.0 788000
1695675084004 10.0 792000
1695675109904 10.0 796000
1695675135608 10.0 800000
1695675164994 10.0 804000
1695675190863 10.0 808000
1695675216739 10.0 812000
1695675241486 10.0 816000
1695675266177 10.0 820000
1695675290891 10.0 824000
1695675315120 10.0 828000
1695675339968 10.0 832000
1695675364445 10.0 836000
1695675388719 10.0 840000
1695675415104 10.0 844000
1695675440320 10.0 848000
1695675465753 10.0 852000
1695675490930 10.0 856000
1695675516137 10.0 860000
1695675541869 10.0 864000
1695675568603 10.0 868000
1695675595613 10.0 872000
1695675622765 10.0 876000
1695675647763 10.0 880000
1695675672215 10.0 884000
1695675696703 10.0 888000
1695675721300 10.0 892000
1695675745725 10.0 896000
1695675769874 10.0 900000
1695675793555 10.0 904000
1695675817560 10.0 908000
1695675841517 10.0 912000
1695675865699 10.0 916000
