1695672410740 100.0 364000
1695672434645 100.0 368000
1695672460153 100.0 372000
1695672484851 100.0 376000
1695672510153 100.0 380000
1695672535493 100.0 384000
1695672561424 100.0 388000
1695672587167 100.0 392000
1695672613143 100.0 396000
1695672638769 100.0 400000
1695672664301 100.0 404000
1695672689756 100.0 408000
1695672716163 100.0 412000
1695672741010 100.0 416000
1695672764785 100.0 420000
1695672788735 100.0 424000
1695672812692 100.0 428000
1695672836731 100.0 432000
1695672860547 100.0 436000
1695672884339 100.0 440000
1695672908390 100.0 444000
1695672932477 100.0 448000
1695672956285 100.0 452000
1695672980210 100.0 456000
1695673004186 100.0 460000
1695673027717 100.0 464000
1695673052127 100.0 468000
1695673078179 100.0 472000
1695673103087 100.0 476000
1695673127964 100.0 480000
1695673152864 100.0 484000
1695673177687 100.0 488000
1695673202414 100.0 492000
1695673229120 100.0 496000
1695673257709 100.0 500000
1695673285286 100.0 504000
1695673312399 100.0 508000
1695673340415 100.0 512000
1695673365704 100.0 516000
1695673391350 100.0 520000
1695673415926 100.0 524000
1695673440103 100.0 528000
1695673464157 100.0 532000
1695673488168 100.0 536000
1695673512072 100.0 540000
1695673536213 100.0 544000
1695673560669 100.0 548000
1695673585605 100.0 552000
1695673610180 100.0 556000
1695673635026 100.0 560000
1695673659682 100.0 564000
1695673684230 100.0 568000
1695673708615 100.0 572000
1695673732855 100.0 576000
1695673757745 100.0 580000
1695673782362 100.0 584000
1695673807509 100.0 588000
1695673832042 100.0 592000
1695673856199 100.0 596000
1695673880517 100.0 600000
1695673904906 100.0 604000
1695673929390 100.0 608000
1695673953745 100.0 612000
1695673978536 100.0 616000
1695674003079 100.0 620000
1695674027389 100.0 624000
1695674051553 100.0 628000
1695674076391 100.0 632000
1695674101561 100.0 636000
1695674127684 100.0 640000
1695674152649 100.0 644000
1695674178841 100.0 648000
1695674203225 100.0 652000
1695674227520 100.0 656000
1695674253896 100.0 660000
1695674280065 100.0 664000
1695674307995 100.0 668000
1695674339480 100.0 672000
1695674364684 100.0 676000
1695674389680 100.0 680000
1695674416002 100.0 684000
1695674441538 100.0 688000
1695674466247 100.0 692000
1695674490559 100.0 696000
1695674514888 100.0 700000
1695674539948 100.0 704000
1695674564766 100.0 708000
1695674590996 100.0 712000
1695674616417 100.0 716000
1695674640685 100.0 720000
1695674664597 100.0 724000
1695674689478 100.0 728000
1695674715323 100.0 732000
1695674741308 100.0 736000
1695674765364 100.0 740000
1695674789566 100.0 744000
1695674813991 100.0 748000
1695674838242 100.0 752000
1695674862724 100.0 756000
1695674887053 100.0 760000
1695674912680 100.0 764000
1695674937783 100.0 768000
1695674962006 100.0 772000
1695674986069 100.0 776000
1695675010428 100.0 780000
1695675034633 100.0 784000
1695675058919 100.0 788000
1695675083998 100.0 792000
1695675109899 100.0 796000
1695675135601 100.0 800000
1695675164989 100.0 804000
1695675190858 100.0 808000
1695675216734 100.0 812000
1695675241480 100.0 816000
1695675266172 100.0 820000
1695675290885 100.0 824000
1695675315114 100.0 828000
1695675339962 100.0 832000
1695675364439 100.0 836000
1695675388713 100.0 840000
1695675415098 100.0 844000
1695675440315 100.0 848000
1695675465748 100.0 852000
1695675490924 100.0 856000
1695675516132 100.0 860000
1695675541863 100.0 864000
1695675568597 100.0 868000
1695675595607 100.0 872000
1695675622759 100.0 876000
1695675647757 100.0 880000
1695675672210 100.0 884000
1695675696697 100.0 888000
1695675721294 100.0 892000
1695675745719 100.0 896000
1695675769868 100.0 900000
1695675793549 100.0 904000
1695675817554 100.0 908000
1695675841511 100.0 912000
1695675865694 100.0 916000
