1695672410736 0.0 364000
1695672434640 0.0 368000
1695672460148 0.0 372000
1695672484846 0.0 376000
1695672510148 0.0 380000
1695672535488 0.0 384000
1695672561419 0.0 388000
1695672587162 0.0 392000
1695672613137 0.0 396000
1695672638764 0.0 400000
1695672664296 0.0 404000
1695672689751 0.0 408000
1695672716158 0.0 412000
1695672741004 0.0 416000
1695672764780 0.0 420000
1695672788731 0.0 424000
1695672812687 0.0 428000
1695672836726 0.0 432000
1695672860542 0.0 436000
1695672884335 0.0 440000
1695672908385 0.0 444000
1695672932472 0.0 448000
1695672956280 0.0 452000
1695672980205 0.0 456000
1695673004181 0.0 460000
1695673027712 0.0 464000
1695673052122 0.0 468000
1695673078173 0.0 472000
1695673103082 0.0 476000
1695673127958 0.0 480000
1695673152858 0.0 484000
1695673177682 0.0 488000
1695673202409 0.0 492000
1695673229115 0.0 496000
1695673257704 0.0 500000
1695673285281 0.0 504000
1695673312394 0.0 508000
1695673340409 0.0 512000
1695673365699 0.0 516000
1695673391345 0.0 520000
1695673415921 0.0 524000
1695673440098 0.0 528000
1695673464152 0.0 532000
1695673488163 0.0 536000
1695673512067 0.0 540000
1695673536208 0.0 544000
1695673560664 0.0 548000
1695673585600 0.0 552000
1695673610175 0.0 556000
1695673635021 0.0 560000
1695673659677 0.0 564000
1695673684225 0.0 568000
1695673708610 0.0 572000
1695673732850 0.0 576000
1695673757740 0.0 580000
1695673782357 0.0 584000
1695673807504 0.0 588000
1695673832037 0.0 592000
1695673856194 0.0 596000
1695673880512 0.0 600000
1695673904901 0.0 604000
1695673929385 0.0 608000
1695673953739 0.0 612000
1695673978531 0.0 616000
1695674003074 0.0 620000
1695674027384 0.0 624000
1695674051548 0.0 628000
1695674076386 0.0 632000
1695674101556 0.0 636000
1695674127679 0.0 640000
1695674152644 0.0 644000
1695674178836 0.0 648000
1695674203220 0.0 652000
1695674227515 0.0 656000
1695674253891 0.0 660000
1695674280059 0.0 664000
1695674307989 0.0 668000
1695674339475 0.0 672000
1695674364679 0.0 676000
1695674389675 0.0 680000
1695674415997 0.0 684000
1695674441533 0.0 688000
1695674466242 0.0 692000
1695674490554 0.0 696000
1695674514883 0.0 700000
1695674539943 0.0 704000
1695674564761 0.0 708000
1695674590991 0.0 712000
1695674616412 0.0 716000
1695674640680 0.0 720000
1695674664592 0.0 724000
1695674689473 0.0 728000
1695674715317 0.0 732000
1695674741303 0.0 736000
1695674765359 0.0 740000
1695674789561 0.0 744000
1695674813986 0.0 748000
1695674838237 0.0 752000
1695674862719 0.0 756000
1695674887048 0.0 760000
1695674912675 0.0 764000
1695674937778 0.0 768000
1695674962001 0.0 772000
1695674986064 0.0 776000
1695675010423 0.0 780000
1695675034628 0.0 784000
1695675058914 0.0 788000
1695675083993 0.0 792000
1695675109894 0.0 796000
1695675135594 0.0 800000
1695675164984 0.0 804000
1695675190853 0.0 808000
1695675216729 0.0 812000
1695675241475 0.0 816000
1695675266167 0.0 820000
1695675290880 0.0 824000
1695675315109 0.0 828000
1695675339957 0.0 832000
1695675364434 0.0 836000
1695675388708 0.0 840000
1695675415093 0.0 844000
1695675440310 0.0 848000
1695675465742 0.0 852000
1695675490919 0.0 856000
1695675516127 0.0 860000
1695675541859 0.0 864000
1695675568592 0.0 868000
1695675595602 0.0 872000
1695675622754 0.0 876000
1695675647752 0.0 880000
1695675672205 0.0 884000
1695675696692 0.0 888000
1695675721289 0.0 892000
1695675745714 0.0 896000
1695675769863 0.0 900000
1695675793544 0.0 904000
1695675817549 0.0 908000
1695675841506 0.0 912000
1695675865689 0.0 916000
