1695672410736 1.0 364000
1695672434641 1.0 368000
1695672460149 1.0 372000
1695672484847 1.0 376000
1695672510149 1.0 380000
1695672535489 1.0 384000
1695672561420 1.0 388000
1695672587163 1.0 392000
1695672613138 1.0 396000
1695672638765 1.0 400000
1695672664297 1.0 404000
1695672689751 1.0 408000
1695672716159 1.0 412000
1695672741005 1.0 416000
1695672764781 1.0 420000
1695672788731 1.0 424000
1695672812688 1.0 428000
1695672836727 1.0 432000
1695672860543 1.0 436000
1695672884335 1.0 440000
1695672908386 1.0 444000
1695672932473 1.0 448000
1695672956281 1.0 452000
1695672980206 1.0 456000
1695673004182 1.0 460000
1695673027713 1.0 464000
1695673052123 1.0 468000
1695673078174 1.0 472000
1695673103083 1.0 476000
1695673127959 1.0 480000
1695673152859 1.0 484000
1695673177683 1.0 488000
1695673202409 1.0 492000
1695673229115 1.0 496000
1695673257705 1.0 500000
1695673285282 1.0 504000
1695673312395 1.0 508000
1695673340410 1.0 512000
1695673365700 1.0 516000
1695673391346 1.0 520000
1695673415922 1.0 524000
1695673440099 1.0 528000
1695673464153 1.0 532000
1695673488164 1.0 536000
1695673512068 1.0 540000
1695673536209 1.0 544000
1695673560665 1.0 548000
1695673585601 1.0 552000
1695673610176 1.0 556000
1695673635022 1.0 560000
1695673659678 1.0 564000
1695673684225 1.0 568000
1695673708611 1.0 572000
1695673732851 1.0 576000
1695673757741 1.0 580000
1695673782358 1.0 584000
1695673807505 1.0 588000
1695673832038 1.0 592000
1695673856194 1.0 596000
1695673880513 1.0 600000
1695673904902 1.0 604000
1695673929386 1.0 608000
1695673953740 1.0 612000
1695673978532 1.0 616000
1695674003075 1.0 620000
1695674027385 1.0 624000
1695674051549 1.0 628000
1695674076387 1.0 632000
1695674101556 1.0 636000
1695674127680 1.0 640000
1695674152645 1.0 644000
1695674178837 1.0 648000
1695674203221 1.0 652000
1695674227516 1.0 656000
1695674253892 1.0 660000
1695674280060 1.0 664000
1695674307990 1.0 668000
1695674339476 1.0 672000
1695674364680 1.0 676000
1695674389676 1.0 680000
1695674415997 1.0 684000
1695674441534 1.0 688000
1695674466242 1.0 692000
1695674490554 1.0 696000
1695674514884 1.0 700000
1695674539944 1.0 704000
1695674564762 1.0 708000
1695674590992 1.0 712000
1695674616413 1.0 716000
1695674640681 1.0 720000
1695674664593 1.0 724000
1695674689474 1.0 728000
1695674715318 1.0 732000
1695674741303 1.0 736000
1695674765360 1.0 740000
1695674789562 1.0 744000
1695674813987 1.0 748000
1695674838238 1.0 752000
1695674862719 1.0 756000
1695674887049 1.0 760000
1695674912676 1.0 764000
1695674937779 1.0 768000
1695674962001 1.0 772000
1695674986065 1.0 776000
1695675010424 1.0 780000
1695675034629 1.0 784000
1695675058914 1.0 788000
1695675083994 1.0 792000
1695675109894 1.0 796000
1695675135595 1.0 800000
1695675164984 1.0 804000
1695675190854 1.0 808000
1695675216729 1.0 812000
1695675241476 1.0 816000
1695675266168 1.0 820000
1695675290881 1.0 824000
1695675315110 1.0 828000
1695675339958 1.0 832000
1695675364435 1.0 836000
1695675388709 1.0 840000
1695675415094 1.0 844000
1695675440311 1.0 848000
1695675465743 1.0 852000
1695675490920 1.0 856000
1695675516128 1.0 860000
1695675541859 1.0 864000
1695675568593 1.0 868000
1695675595603 1.0 872000
1695675622755 1.0 876000
1695675647752 1.0 880000
1695675672206 1.0 884000
1695675696693 1.0 888000
1695675721290 1.0 892000
1695675745715 1.0 896000
1695675769864 1.0 900000
1695675793545 1.0 904000
1695675817550 1.0 908000
1695675841507 1.0 912000
1695675865689 1.0 916000
