1695672410735 67108864.0 364000
1695672434640 67108864.0 368000
1695672460148 67108864.0 372000
1695672484846 67108864.0 376000
1695672510148 67108864.0 380000
1695672535488 67108864.0 384000
1695672561419 67108864.0 388000
1695672587162 67108864.0 392000
1695672613137 67108864.0 396000
1695672638764 67108864.0 400000
1695672664296 67108864.0 404000
1695672689750 67108864.0 408000
1695672716158 67108864.0 412000
1695672741004 67108864.0 416000
1695672764780 67108864.0 420000
1695672788730 67108864.0 424000
1695672812687 67108864.0 428000
1695672836726 67108864.0 432000
1695672860542 67108864.0 436000
1695672884334 67108864.0 440000
1695672908385 67108864.0 444000
1695672932472 67108864.0 448000
1695672956280 67108864.0 452000
1695672980205 67108864.0 456000
1695673004181 67108864.0 460000
1695673027712 67108864.0 464000
1695673052122 67108864.0 468000
1695673078173 67108864.0 472000
1695673103082 67108864.0 476000
1695673127958 67108864.0 480000
1695673152858 67108864.0 484000
1695673177682 67108864.0 488000
1695673202408 67108864.0 492000
1695673229114 67108864.0 496000
1695673257704 67108864.0 500000
1695673285281 67108864.0 504000
1695673312394 67108864.0 508000
1695673340409 67108864.0 512000
1695673365699 67108864.0 516000
1695673391345 67108864.0 520000
1695673415921 67108864.0 524000
1695673440098 67108864.0 528000
1695673464152 67108864.0 532000
1695673488163 67108864.0 536000
1695673512067 67108864.0 540000
1695673536208 67108864.0 544000
1695673560664 67108864.0 548000
1695673585600 67108864.0 552000
1695673610175 67108864.0 556000
1695673635021 67108864.0 560000
1695673659677 67108864.0 564000
1695673684225 67108864.0 568000
1695673708610 67108864.0 572000
1695673732850 67108864.0 576000
1695673757740 67108864.0 580000
1695673782357 67108864.0 584000
1695673807504 67108864.0 588000
1695673832037 67108864.0 592000
1695673856193 67108864.0 596000
1695673880512 67108864.0 600000
1695673904901 67108864.0 604000
1695673929385 67108864.0 608000
1695673953739 67108864.0 612000
1695673978531 67108864.0 616000
1695674003074 67108864.0 620000
1695674027384 67108864.0 624000
1695674051548 67108864.0 628000
1695674076386 67108864.0 632000
1695674101555 67108864.0 636000
1695674127679 67108864.0 640000
1695674152644 67108864.0 644000
1695674178836 67108864.0 648000
1695674203220 67108864.0 652000
1695674227515 67108864.0 656000
1695674253891 67108864.0 660000
1695674280059 67108864.0 664000
1695674307989 67108864.0 668000
1695674339475 67108864.0 672000
1695674364679 67108864.0 676000
1695674389675 67108864.0 680000
1695674415996 67108864.0 684000
1695674441533 67108864.0 688000
1695674466241 67108864.0 692000
1695674490553 67108864.0 696000
1695674514883 67108864.0 700000
1695674539943 67108864.0 704000
1695674564761 67108864.0 708000
1695674590991 67108864.0 712000
1695674616412 67108864.0 716000
1695674640680 67108864.0 720000
1695674664592 67108864.0 724000
1695674689473 67108864.0 728000
1695674715317 67108864.0 732000
1695674741302 67108864.0 736000
1695674765359 67108864.0 740000
1695674789561 67108864.0 744000
1695674813986 67108864.0 748000
1695674838237 67108864.0 752000
1695674862718 67108864.0 756000
1695674887048 67108864.0 760000
1695674912675 67108864.0 764000
1695674937778 67108864.0 768000
1695674962000 67108864.0 772000
1695674986064 67108864.0 776000
1695675010423 67108864.0 780000
1695675034628 67108864.0 784000
1695675058913 67108864.0 788000
1695675083993 67108864.0 792000
1695675109893 67108864.0 796000
1695675135594 67108864.0 800000
1695675164983 67108864.0 804000
1695675190853 67108864.0 808000
1695675216728 67108864.0 812000
1695675241475 67108864.0 816000
1695675266167 67108864.0 820000
1695675290880 67108864.0 824000
1695675315109 67108864.0 828000
1695675339957 67108864.0 832000
1695675364434 67108864.0 836000
1695675388708 67108864.0 840000
1695675415093 67108864.0 844000
1695675440309 67108864.0 848000
1695675465742 67108864.0 852000
1695675490919 67108864.0 856000
1695675516127 67108864.0 860000
1695675541858 67108864.0 864000
1695675568592 67108864.0 868000
1695675595602 67108864.0 872000
1695675622754 67108864.0 876000
1695675647751 67108864.0 880000
1695675672205 67108864.0 884000
1695675696692 67108864.0 888000
1695675721289 67108864.0 892000
1695675745714 67108864.0 896000
1695675769863 67108864.0 900000
1695675793544 67108864.0 904000
1695675817549 67108864.0 908000
1695675841506 67108864.0 912000
1695675865688 67108864.0 916000
