1695672410732 0.0 364000
1695672434636 0.0 368000
1695672460145 0.0 372000
1695672484843 0.0 376000
1695672510145 0.0 380000
1695672535484 0.0 384000
1695672561415 0.0 388000
1695672587159 0.0 392000
1695672613134 0.0 396000
1695672638761 0.0 400000
1695672664293 0.0 404000
1695672689748 0.0 408000
1695672716154 0.0 412000
1695672741001 0.0 416000
1695672764777 0.0 420000
1695672788727 0.0 424000
1695672812684 0.0 428000
1695672836723 0.0 432000
1695672860539 0.0 436000
1695672884331 0.0 440000
1695672908382 0.0 444000
1695672932469 0.0 448000
1695672956276 0.0 452000
1695672980202 0.0 456000
1695673004177 0.0 460000
1695673027708 0.0 464000
1695673052119 0.0 468000
1695673078170 0.0 472000
1695673103079 0.0 476000
1695673127955 0.0 480000
1695673152855 0.0 484000
1695673177679 0.0 488000
1695673202405 0.0 492000
1695673229111 0.0 496000
1695673257701 0.0 500000
1695673285277 0.0 504000
1695673312390 0.0 508000
1695673340406 0.0 512000
1695673365696 0.0 516000
1695673391342 0.0 520000
1695673415918 0.0 524000
1695673440095 0.0 528000
1695673464149 0.0 532000
1695673488160 0.0 536000
1695673512064 0.0 540000
1695673536205 0.0 544000
1695673560661 0.0 548000
1695673585597 0.0 552000
1695673610172 0.0 556000
1695673635018 0.0 560000
1695673659674 0.0 564000
1695673684222 0.0 568000
1695673708607 0.0 572000
1695673732847 0.0 576000
1695673757736 0.0 580000
1695673782354 0.0 584000
1695673807500 0.0 588000
1695673832034 0.0 592000
1695673856190 0.0 596000
1695673880509 0.0 600000
1695673904898 0.0 604000
1695673929382 0.0 608000
1695673953736 0.0 612000
1695673978528 0.0 616000
1695674003071 0.0 620000
1695674027381 0.0 624000
1695674051545 0.0 628000
1695674076383 0.0 632000
1695674101552 0.0 636000
1695674127675 0.0 640000
1695674152641 0.0 644000
1695674178833 0.0 648000
1695674203217 0.0 652000
1695674227512 0.0 656000
1695674253888 0.0 660000
1695674280056 0.0 664000
1695674307986 0.0 668000
1695674339472 0.0 672000
1695674364676 0.0 676000
1695674389672 0.0 680000
1695674415994 0.0 684000
1695674441530 0.0 688000
1695674466238 0.0 692000
1695674490550 0.0 696000
1695674514880 0.0 700000
1695674539940 0.0 704000
1695674564758 0.0 708000
1695674590988 0.0 712000
1695674616409 0.0 716000
1695674640677 0.0 720000
1695674664589 0.0 724000
1695674689470 0.0 728000
1695674715314 0.0 732000
1695674741299 0.0 736000
1695674765356 0.0 740000
1695674789558 0.0 744000
1695674813983 0.0 748000
1695674838234 0.0 752000
1695674862716 0.0 756000
1695674887045 0.0 760000
1695674912672 0.0 764000
1695674937775 0.0 768000
1695674961997 0.0 772000
1695674986061 0.0 776000
1695675010420 0.0 780000
1695675034625 0.0 784000
1695675058911 0.0 788000
1695675083990 0.0 792000
1695675109890 0.0 796000
1695675135590 0.0 800000
1695675164980 0.0 804000
1695675190850 0.0 808000
1695675216725 0.0 812000
1695675241472 0.0 816000
1695675266164 0.0 820000
1695675290877 0.0 824000
1695675315106 0.0 828000
1695675339954 0.0 832000
1695675364431 0.0 836000
1695675388705 0.0 840000
1695675415090 0.0 844000
1695675440306 0.0 848000
1695675465739 0.0 852000
1695675490916 0.0 856000
1695675516124 0.0 860000
1695675541855 0.0 864000
1695675568589 0.0 868000
1695675595598 0.0 872000
1695675622751 0.0 876000
1695675647748 0.0 880000
1695675672202 0.0 884000
1695675696689 0.0 888000
1695675721286 0.0 892000
1695675745711 0.0 896000
1695675769860 0.0 900000
1695675793541 0.0 904000
1695675817545 0.0 908000
1695675841503 0.0 912000
1695675865685 0.0 916000
