1695672410740 0.0 364000
1695672434645 0.0 368000
1695672460153 0.0 372000
1695672484851 0.0 376000
1695672510153 0.0 380000
1695672535493 0.0 384000
1695672561424 0.0 388000
1695672587167 0.0 392000
1695672613142 0.0 396000
1695672638769 0.0 400000
1695672664301 0.0 404000
1695672689756 0.0 408000
1695672716163 0.0 412000
1695672741010 0.0 416000
1695672764785 0.0 420000
1695672788735 0.0 424000
1695672812692 0.0 428000
1695672836731 0.0 432000
1695672860547 0.0 436000
1695672884339 0.0 440000
1695672908390 0.0 444000
1695672932477 0.0 448000
1695672956285 0.0 452000
1695672980210 0.0 456000
1695673004185 0.0 460000
1695673027717 0.0 464000
1695673052127 0.0 468000
1695673078178 0.0 472000
1695673103086 0.0 476000
1695673127963 0.0 480000
1695673152863 0.0 484000
1695673177687 0.0 488000
1695673202414 0.0 492000
1695673229120 0.0 496000
1695673257709 0.0 500000
1695673285286 0.0 504000
1695673312399 0.0 508000
1695673340414 0.0 512000
1695673365704 0.0 516000
1695673391350 0.0 520000
1695673415926 0.0 524000
1695673440103 0.0 528000
1695673464157 0.0 532000
1695673488168 0.0 536000
1695673512072 0.0 540000
1695673536213 0.0 544000
1695673560669 0.0 548000
1695673585605 0.0 552000
1695673610180 0.0 556000
1695673635026 0.0 560000
1695673659682 0.0 564000
1695673684229 0.0 568000
1695673708615 0.0 572000
1695673732855 0.0 576000
1695673757745 0.0 580000
1695673782362 0.0 584000
1695673807509 0.0 588000
1695673832042 0.0 592000
1695673856198 0.0 596000
1695673880517 0.0 600000
1695673904906 0.0 604000
1695673929390 0.0 608000
1695673953745 0.0 612000
1695673978536 0.0 616000
1695674003079 0.0 620000
1695674027389 0.0 624000
1695674051553 0.0 628000
1695674076391 0.0 632000
1695674101561 0.0 636000
1695674127683 0.0 640000
1695674152649 0.0 644000
1695674178841 0.0 648000
1695674203225 0.0 652000
1695674227520 0.0 656000
1695674253896 0.0 660000
1695674280064 0.0 664000
1695674307995 0.0 668000
1695674339480 0.0 672000
1695674364684 0.0 676000
1695674389680 0.0 680000
1695674416002 0.0 684000
1695674441538 0.0 688000
1695674466246 0.0 692000
1695674490558 0.0 696000
1695674514888 0.0 700000
1695674539948 0.0 704000
1695674564766 0.0 708000
1695674590996 0.0 712000
1695674616417 0.0 716000
1695674640685 0.0 720000
1695674664597 0.0 724000
1695674689478 0.0 728000
1695674715322 0.0 732000
1695674741307 0.0 736000
1695674765364 0.0 740000
1695674789566 0.0 744000
1695674813991 0.0 748000
1695674838242 0.0 752000
1695674862723 0.0 756000
1695674887053 0.0 760000
1695674912680 0.0 764000
1695674937783 0.0 768000
1695674962006 0.0 772000
1695674986069 0.0 776000
1695675010428 0.0 780000
1695675034633 0.0 784000
1695675058918 0.0 788000
1695675083998 0.0 792000
1695675109898 0.0 796000
1695675135601 0.0 800000
1695675164988 0.0 804000
1695675190858 0.0 808000
1695675216733 0.0 812000
1695675241480 0.0 816000
1695675266172 0.0 820000
1695675290885 0.0 824000
1695675315114 0.0 828000
1695675339962 0.0 832000
1695675364439 0.0 836000
1695675388713 0.0 840000
1695675415098 0.0 844000
1695675440314 0.0 848000
1695675465747 0.0 852000
1695675490924 0.0 856000
1695675516131 0.0 860000
1695675541863 0.0 864000
1695675568597 0.0 868000
1695675595607 0.0 872000
1695675622759 0.0 876000
1695675647756 0.0 880000
1695675672210 0.0 884000
1695675696697 0.0 888000
1695675721294 0.0 892000
1695675745719 0.0 896000
1695675769868 0.0 900000
1695675793549 0.0 904000
1695675817554 0.0 908000
1695675841511 0.0 912000
1695675865693 0.0 916000
