1695672410744 128.0 364000
1695672434649 128.0 368000
1695672460157 128.0 372000
1695672484856 128.0 376000
1695672510157 128.0 380000
1695672535497 128.0 384000
1695672561427 128.0 388000
1695672587170 128.0 392000
1695672613146 128.0 396000
1695672638772 128.0 400000
1695672664305 128.0 404000
1695672689759 128.0 408000
1695672716166 128.0 412000
1695672741014 128.0 416000
1695672764788 128.0 420000
1695672788739 128.0 424000
1695672812695 128.0 428000
1695672836734 128.0 432000
1695672860550 128.0 436000
1695672884342 128.0 440000
1695672908393 128.0 444000
1695672932480 128.0 448000
1695672956288 128.0 452000
1695672980213 128.0 456000
1695673004189 128.0 460000
1695673027720 128.0 464000
1695673052130 128.0 468000
1695673078182 128.0 472000
1695673103090 128.0 476000
1695673127967 128.0 480000
1695673152867 128.0 484000
1695673177690 128.0 488000
1695673202417 128.0 492000
1695673229124 128.0 496000
1695673257712 128.0 500000
1695673285289 128.0 504000
1695673312402 128.0 508000
1695673340418 128.0 512000
1695673365707 128.0 516000
1695673391353 128.0 520000
1695673415930 128.0 524000
1695673440106 128.0 528000
1695673464160 128.0 532000
1695673488171 128.0 536000
1695673512075 128.0 540000
1695673536216 128.0 544000
1695673560673 128.0 548000
1695673585608 128.0 552000
1695673610184 128.0 556000
1695673635030 128.0 560000
1695673659685 128.0 564000
1695673684233 128.0 568000
1695673708618 128.0 572000
1695673732858 128.0 576000
1695673757748 128.0 580000
1695673782365 128.0 584000
1695673807512 128.0 588000
1695673832045 128.0 592000
1695673856202 128.0 596000
1695673880520 128.0 600000
1695673904909 128.0 604000
1695673929393 128.0 608000
1695673953748 128.0 612000
1695673978539 128.0 616000
1695674003082 128.0 620000
1695674027392 128.0 624000
1695674051556 128.0 628000
1695674076394 128.0 632000
1695674101564 128.0 636000
1695674127687 128.0 640000
1695674152652 128.0 644000
1695674178845 128.0 648000
1695674203229 128.0 652000
1695674227523 128.0 656000
1695674253899 128.0 660000
1695674280068 128.0 664000
1695674307999 128.0 668000
1695674339484 128.0 672000
1695674364687 128.0 676000
1695674389684 128.0 680000
1695674416005 128.0 684000
1695674441541 128.0 688000
1695674466250 128.0 692000
1695674490562 128.0 696000
1695674514891 128.0 700000
1695674539951 128.0 704000
1695674564770 128.0 708000
1695674591000 128.0 712000
1695674616421 128.0 716000
1695674640688 128.0 720000
1695674664600 128.0 724000
1695674689481 128.0 728000
1695674715326 128.0 732000
1695674741311 128.0 736000
1695674765367 128.0 740000
1695674789570 128.0 744000
1695674813994 128.0 748000
1695674838245 128.0 752000
1695674862727 128.0 756000
1695674887056 128.0 760000
1695674912683 128.0 764000
1695674937786 128.0 768000
1695674962009 128.0 772000
1695674986072 128.0 776000
1695675010431 128.0 780000
1695675034636 128.0 784000
1695675058922 128.0 788000
1695675084002 128.0 792000
1695675109902 128.0 796000
1695675135605 128.0 800000
1695675164992 128.0 804000
1695675190861 128.0 808000
1695675216737 128.0 812000
1695675241483 128.0 816000
1695675266175 128.0 820000
1695675290889 128.0 824000
1695675315117 128.0 828000
1695675339966 128.0 832000
1695675364443 128.0 836000
1695675388716 128.0 840000
1695675415101 128.0 844000
1695675440318 128.0 848000
1695675465751 128.0 852000
1695675490927 128.0 856000
1695675516135 128.0 860000
1695675541867 128.0 864000
1695675568601 128.0 868000
1695675595610 128.0 872000
1695675622763 128.0 876000
1695675647760 128.0 880000
1695675672213 128.0 884000
1695675696700 128.0 888000
1695675721298 128.0 892000
1695675745722 128.0 896000
1695675769871 128.0 900000
1695675793553 128.0 904000
1695675817557 128.0 908000
1695675841514 128.0 912000
1695675865697 128.0 916000
