1695672410744 1.0 364000
1695672434649 1.0 368000
1695672460157 1.0 372000
1695672484857 1.0 376000
1695672510157 1.0 380000
1695672535497 1.0 384000
1695672561427 1.0 388000
1695672587171 1.0 392000
1695672613146 1.0 396000
1695672638773 1.0 400000
1695672664305 1.0 404000
1695672689759 1.0 408000
1695672716167 1.0 412000
1695672741014 1.0 416000
1695672764789 1.0 420000
1695672788739 1.0 424000
1695672812695 1.0 428000
1695672836735 1.0 432000
1695672860551 1.0 436000
1695672884343 1.0 440000
1695672908394 1.0 444000
1695672932480 1.0 448000
1695672956288 1.0 452000
1695672980214 1.0 456000
1695673004189 1.0 460000
1695673027720 1.0 464000
1695673052131 1.0 468000
1695673078182 1.0 472000
1695673103091 1.0 476000
1695673127967 1.0 480000
1695673152867 1.0 484000
1695673177691 1.0 488000
1695673202418 1.0 492000
1695673229124 1.0 496000
1695673257713 1.0 500000
1695673285289 1.0 504000
1695673312403 1.0 508000
1695673340418 1.0 512000
1695673365707 1.0 516000
1695673391354 1.0 520000
1695673415930 1.0 524000
1695673440106 1.0 528000
1695673464161 1.0 532000
1695673488172 1.0 536000
1695673512075 1.0 540000
1695673536217 1.0 544000
1695673560673 1.0 548000
1695673585609 1.0 552000
1695673610184 1.0 556000
1695673635030 1.0 560000
1695673659685 1.0 564000
1695673684233 1.0 568000
1695673708619 1.0 572000
1695673732859 1.0 576000
1695673757749 1.0 580000
1695673782366 1.0 584000
1695673807513 1.0 588000
1695673832046 1.0 592000
1695673856202 1.0 596000
1695673880521 1.0 600000
1695673904909 1.0 604000
1695673929393 1.0 608000
1695673953749 1.0 612000
1695673978539 1.0 616000
1695674003082 1.0 620000
1695674027393 1.0 624000
1695674051556 1.0 628000
1695674076394 1.0 632000
1695674101564 1.0 636000
1695674127687 1.0 640000
1695674152652 1.0 644000
1695674178845 1.0 648000
1695674203229 1.0 652000
1695674227524 1.0 656000
1695674253900 1.0 660000
1695674280068 1.0 664000
1695674307999 1.0 668000
1695674339484 1.0 672000
1695674364688 1.0 676000
1695674389684 1.0 680000
1695674416005 1.0 684000
1695674441542 1.0 688000
1695674466250 1.0 692000
1695674490562 1.0 696000
1695674514891 1.0 700000
1695674539952 1.0 704000
1695674564770 1.0 708000
1695674591000 1.0 712000
1695674616421 1.0 716000
1695674640689 1.0 720000
1695674664601 1.0 724000
1695674689482 1.0 728000
1695674715326 1.0 732000
1695674741311 1.0 736000
1695674765368 1.0 740000
1695674789570 1.0 744000
1695674813995 1.0 748000
1695674838246 1.0 752000
1695674862727 1.0 756000
1695674887057 1.0 760000
1695674912684 1.0 764000
1695674937786 1.0 768000
1695674962009 1.0 772000
1695674986073 1.0 776000
1695675010431 1.0 780000
1695675034637 1.0 784000
1695675058922 1.0 788000
1695675084002 1.0 792000
1695675109902 1.0 796000
1695675135605 1.0 800000
1695675164992 1.0 804000
1695675190861 1.0 808000
1695675216737 1.0 812000
1695675241484 1.0 816000
1695675266175 1.0 820000
1695675290889 1.0 824000
1695675315118 1.0 828000
1695675339966 1.0 832000
1695675364443 1.0 836000
1695675388717 1.0 840000
1695675415102 1.0 844000
1695675440318 1.0 848000
1695675465751 1.0 852000
1695675490928 1.0 856000
1695675516135 1.0 860000
1695675541867 1.0 864000
1695675568601 1.0 868000
1695675595611 1.0 872000
1695675622763 1.0 876000
1695675647760 1.0 880000
1695675672213 1.0 884000
1695675696701 1.0 888000
1695675721298 1.0 892000
1695675745723 1.0 896000
1695675769872 1.0 900000
1695675793553 1.0 904000
1695675817558 1.0 908000
1695675841515 1.0 912000
1695675865697 1.0 916000
