1695672410743 -1.0 364000
1695672434648 -1.0 368000
1695672460156 -1.0 372000
1695672484855 -1.0 376000
1695672510156 -1.0 380000
1695672535496 -1.0 384000
1695672561426 -1.0 388000
1695672587169 -1.0 392000
1695672613145 -1.0 396000
1695672638771 -1.0 400000
1695672664304 -1.0 404000
1695672689758 -1.0 408000
1695672716165 -1.0 412000
1695672741013 -1.0 416000
1695672764787 -1.0 420000
1695672788738 -1.0 424000
1695672812694 -1.0 428000
1695672836733 -1.0 432000
1695672860549 -1.0 436000
1695672884341 -1.0 440000
1695672908392 -1.0 444000
1695672932479 -1.0 448000
1695672956287 -1.0 452000
1695672980212 -1.0 456000
1695673004188 -1.0 460000
1695673027719 -1.0 464000
1695673052130 -1.0 468000
1695673078181 -1.0 472000
1695673103089 -1.0 476000
1695673127966 -1.0 480000
1695673152866 -1.0 484000
1695673177689 -1.0 488000
1695673202416 -1.0 492000
1695673229123 -1.0 496000
1695673257711 -1.0 500000
1695673285288 -1.0 504000
1695673312401 -1.0 508000
1695673340417 -1.0 512000
1695673365706 -1.0 516000
1695673391352 -1.0 520000
1695673415929 -1.0 524000
1695673440105 -1.0 528000
1695673464159 -1.0 532000
1695673488170 -1.0 536000
1695673512074 -1.0 540000
1695673536215 -1.0 544000
1695673560672 -1.0 548000
1695673585607 -1.0 552000
1695673610183 -1.0 556000
1695673635029 -1.0 560000
1695673659684 -1.0 564000
1695673684232 -1.0 568000
1695673708617 -1.0 572000
1695673732857 -1.0 576000
1695673757747 -1.0 580000
1695673782364 -1.0 584000
1695673807511 -1.0 588000
1695673832044 -1.0 592000
1695673856201 -1.0 596000
1695673880519 -1.0 600000
1695673904908 -1.0 604000
1695673929392 -1.0 608000
1695673953747 -1.0 612000
1695673978538 -1.0 616000
1695674003081 -1.0 620000
1695674027391 -1.0 624000
1695674051555 -1.0 628000
1695674076393 -1.0 632000
1695674101563 -1.0 636000
1695674127686 -1.0 640000
1695674152651 -1.0 644000
1695674178844 -1.0 648000
1695674203228 -1.0 652000
1695674227522 -1.0 656000
1695674253898 -1.0 660000
1695674280067 -1.0 664000
1695674307998 -1.0 668000
1695674339482 -1.0 672000
1695674364686 -1.0 676000
1695674389683 -1.0 680000
1695674416004 -1.0 684000
1695674441540 -1.0 688000
1695674466249 -1.0 692000
1695674490561 -1.0 696000
1695674514890 -1.0 700000
1695674539950 -1.0 704000
1695674564769 -1.0 708000
1695674590999 -1.0 712000
1695674616420 -1.0 716000
1695674640687 -1.0 720000
1695674664599 -1.0 724000
1695674689480 -1.0 728000
1695674715325 -1.0 732000
1695674741310 -1.0 736000
1695674765366 -1.0 740000
1695674789569 -1.0 744000
1695674813993 -1.0 748000
1695674838244 -1.0 752000
1695674862726 -1.0 756000
1695674887055 -1.0 760000
1695674912682 -1.0 764000
1695674937785 -1.0 768000
1695674962008 -1.0 772000
1695674986071 -1.0 776000
1695675010430 -1.0 780000
1695675034635 -1.0 784000
1695675058921 -1.0 788000
1695675084001 -1.0 792000
1695675109901 -1.0 796000
1695675135604 -1.0 800000
1695675164991 -1.0 804000
1695675190860 -1.0 808000
1695675216736 -1.0 812000
1695675241482 -1.0 816000
1695675266174 -1.0 820000
1695675290887 -1.0 824000
1695675315116 -1.0 828000
1695675339965 -1.0 832000
1695675364442 -1.0 836000
1695675388715 -1.0 840000
1695675415100 -1.0 844000
1695675440317 -1.0 848000
1695675465750 -1.0 852000
1695675490926 -1.0 856000
1695675516134 -1.0 860000
1695675541866 -1.0 864000
1695675568600 -1.0 868000
1695675595609 -1.0 872000
1695675622761 -1.0 876000
1695675647759 -1.0 880000
1695675672212 -1.0 884000
1695675696699 -1.0 888000
1695675721297 -1.0 892000
1695675745721 -1.0 896000
1695675769870 -1.0 900000
1695675793551 -1.0 904000
1695675817556 -1.0 908000
1695675841513 -1.0 912000
1695675865696 -1.0 916000
