1695672410733 1.0 364000
1695672434637 1.0 368000
1695672460145 1.0 372000
1695672484843 1.0 376000
1695672510145 1.0 380000
1695672535485 1.0 384000
1695672561416 1.0 388000
1695672587160 1.0 392000
1695672613134 1.0 396000
1695672638761 1.0 400000
1695672664293 1.0 404000
1695672689748 1.0 408000
1695672716155 1.0 412000
1695672741001 1.0 416000
1695672764777 1.0 420000
1695672788728 1.0 424000
1695672812684 1.0 428000
1695672836724 1.0 432000
1695672860540 1.0 436000
1695672884332 1.0 440000
1695672908382 1.0 444000
1695672932469 1.0 448000
1695672956277 1.0 452000
1695672980202 1.0 456000
1695673004178 1.0 460000
1695673027709 1.0 464000
1695673052120 1.0 468000
1695673078170 1.0 472000
1695673103079 1.0 476000
1695673127955 1.0 480000
1695673152856 1.0 484000
1695673177679 1.0 488000
1695673202406 1.0 492000
1695673229111 1.0 496000
1695673257701 1.0 500000
1695673285278 1.0 504000
1695673312391 1.0 508000
1695673340407 1.0 512000
1695673365696 1.0 516000
1695673391342 1.0 520000
1695673415918 1.0 524000
1695673440095 1.0 528000
1695673464150 1.0 532000
1695673488160 1.0 536000
1695673512064 1.0 540000
1695673536205 1.0 544000
1695673560661 1.0 548000
1695673585597 1.0 552000
1695673610172 1.0 556000
1695673635018 1.0 560000
1695673659674 1.0 564000
1695673684222 1.0 568000
1695673708607 1.0 572000
1695673732847 1.0 576000
1695673757737 1.0 580000
1695673782354 1.0 584000
1695673807501 1.0 588000
1695673832034 1.0 592000
1695673856191 1.0 596000
1695673880509 1.0 600000
1695673904898 1.0 604000
1695673929382 1.0 608000
1695673953736 1.0 612000
1695673978528 1.0 616000
1695674003071 1.0 620000
1695674027381 1.0 624000
1695674051545 1.0 628000
1695674076383 1.0 632000
1695674101553 1.0 636000
1695674127676 1.0 640000
1695674152641 1.0 644000
1695674178833 1.0 648000
1695674203218 1.0 652000
1695674227512 1.0 656000
1695674253888 1.0 660000
1695674280056 1.0 664000
1695674307986 1.0 668000
1695674339472 1.0 672000
1695674364676 1.0 676000
1695674389672 1.0 680000
1695674415994 1.0 684000
1695674441530 1.0 688000
1695674466239 1.0 692000
1695674490551 1.0 696000
1695674514880 1.0 700000
1695674539940 1.0 704000
1695674564758 1.0 708000
1695674590988 1.0 712000
1695674616410 1.0 716000
1695674640677 1.0 720000
1695674664590 1.0 724000
1695674689470 1.0 728000
1695674715314 1.0 732000
1695674741300 1.0 736000
1695674765356 1.0 740000
1695674789559 1.0 744000
1695674813983 1.0 748000
1695674838234 1.0 752000
1695674862716 1.0 756000
1695674887045 1.0 760000
1695674912672 1.0 764000
1695674937775 1.0 768000
1695674961998 1.0 772000
1695674986061 1.0 776000
1695675010420 1.0 780000
1695675034625 1.0 784000
1695675058911 1.0 788000
1695675083990 1.0 792000
1695675109891 1.0 796000
1695675135590 1.0 800000
1695675164981 1.0 804000
1695675190850 1.0 808000
1695675216726 1.0 812000
1695675241472 1.0 816000
1695675266164 1.0 820000
1695675290877 1.0 824000
1695675315106 1.0 828000
1695675339954 1.0 832000
1695675364431 1.0 836000
1695675388705 1.0 840000
1695675415090 1.0 844000
1695675440307 1.0 848000
1695675465740 1.0 852000
1695675490917 1.0 856000
1695675516124 1.0 860000
1695675541856 1.0 864000
1695675568589 1.0 868000
1695675595599 1.0 872000
1695675622751 1.0 876000
1695675647749 1.0 880000
1695675672202 1.0 884000
1695675696689 1.0 888000
1695675721286 1.0 892000
1695675745711 1.0 896000
1695675769860 1.0 900000
1695675793541 1.0 904000
1695675817546 1.0 908000
1695675841503 1.0 912000
1695675865686 1.0 916000
