1695672410734 4000.0 364000
1695672434638 4000.0 368000
1695672460146 4000.0 372000
1695672484844 4000.0 376000
1695672510146 4000.0 380000
1695672535486 4000.0 384000
1695672561417 4000.0 388000
1695672587161 4000.0 392000
1695672613135 4000.0 396000
1695672638762 4000.0 400000
1695672664294 4000.0 404000
1695672689749 4000.0 408000
1695672716156 4000.0 412000
1695672741002 4000.0 416000
1695672764778 4000.0 420000
1695672788729 4000.0 424000
1695672812685 4000.0 428000
1695672836725 4000.0 432000
1695672860541 4000.0 436000
1695672884333 4000.0 440000
1695672908383 4000.0 444000
1695672932470 4000.0 448000
1695672956278 4000.0 452000
1695672980203 4000.0 456000
1695673004179 4000.0 460000
1695673027710 4000.0 464000
1695673052121 4000.0 468000
1695673078171 4000.0 472000
1695673103080 4000.0 476000
1695673127956 4000.0 480000
1695673152857 4000.0 484000
1695673177680 4000.0 488000
1695673202407 4000.0 492000
1695673229112 4000.0 496000
1695673257702 4000.0 500000
1695673285279 4000.0 504000
1695673312392 4000.0 508000
1695673340408 4000.0 512000
1695673365697 4000.0 516000
1695673391343 4000.0 520000
1695673415919 4000.0 524000
1695673440096 4000.0 528000
1695673464151 4000.0 532000
1695673488161 4000.0 536000
1695673512065 4000.0 540000
1695673536206 4000.0 544000
1695673560662 4000.0 548000
1695673585598 4000.0 552000
1695673610173 4000.0 556000
1695673635019 4000.0 560000
1695673659675 4000.0 564000
1695673684223 4000.0 568000
1695673708608 4000.0 572000
1695673732848 4000.0 576000
1695673757738 4000.0 580000
1695673782355 4000.0 584000
1695673807502 4000.0 588000
1695673832035 4000.0 592000
1695673856192 4000.0 596000
1695673880510 4000.0 600000
1695673904899 4000.0 604000
1695673929383 4000.0 608000
1695673953737 4000.0 612000
1695673978529 4000.0 616000
1695674003072 4000.0 620000
1695674027382 4000.0 624000
1695674051546 4000.0 628000
1695674076384 4000.0 632000
1695674101554 4000.0 636000
1695674127677 4000.0 640000
1695674152642 4000.0 644000
1695674178834 4000.0 648000
1695674203219 4000.0 652000
1695674227513 4000.0 656000
1695674253889 4000.0 660000
1695674280058 4000.0 664000
1695674307987 4000.0 668000
1695674339473 4000.0 672000
1695674364677 4000.0 676000
1695674389673 4000.0 680000
1695674415995 4000.0 684000
1695674441531 4000.0 688000
1695674466240 4000.0 692000
1695674490552 4000.0 696000
1695674514881 4000.0 700000
1695674539941 4000.0 704000
1695674564759 4000.0 708000
1695674590989 4000.0 712000
1695674616411 4000.0 716000
1695674640678 4000.0 720000
1695674664591 4000.0 724000
1695674689471 4000.0 728000
1695674715315 4000.0 732000
1695674741301 4000.0 736000
1695674765357 4000.0 740000
1695674789560 4000.0 744000
1695674813984 4000.0 748000
1695674838235 4000.0 752000
1695674862717 4000.0 756000
1695674887046 4000.0 760000
1695674912673 4000.0 764000
1695674937776 4000.0 768000
1695674961999 4000.0 772000
1695674986062 4000.0 776000
1695675010421 4000.0 780000
1695675034626 4000.0 784000
1695675058912 4000.0 788000
1695675083991 4000.0 792000
1695675109892 4000.0 796000
1695675135592 4000.0 800000
1695675164982 4000.0 804000
1695675190851 4000.0 808000
1695675216727 4000.0 812000
1695675241473 4000.0 816000
1695675266165 4000.0 820000
1695675290878 4000.0 824000
1695675315107 4000.0 828000
1695675339955 4000.0 832000
1695675364432 4000.0 836000
1695675388706 4000.0 840000
1695675415091 4000.0 844000
1695675440308 4000.0 848000
1695675465741 4000.0 852000
1695675490918 4000.0 856000
1695675516125 4000.0 860000
1695675541857 4000.0 864000
1695675568590 4000.0 868000
1695675595600 4000.0 872000
1695675622752 4000.0 876000
1695675647750 4000.0 880000
1695675672203 4000.0 884000
1695675696690 4000.0 888000
1695675721287 4000.0 892000
1695675745712 4000.0 896000
1695675769861 4000.0 900000
1695675793542 4000.0 904000
1695675817547 4000.0 908000
1695675841504 4000.0 912000
1695675865687 4000.0 916000
