1695672410745 10.0 364000
1695672434650 10.0 368000
1695672460158 10.0 372000
1695672484857 10.0 376000
1695672510158 10.0 380000
1695672535498 10.0 384000
1695672561428 10.0 388000
1695672587171 10.0 392000
1695672613147 10.0 396000
1695672638774 10.0 400000
1695672664306 10.0 404000
1695672689760 10.0 408000
1695672716168 10.0 412000
1695672741015 10.0 416000
1695672764789 10.0 420000
1695672788740 10.0 424000
1695672812696 10.0 428000
1695672836735 10.0 432000
1695672860552 10.0 436000
1695672884344 10.0 440000
1695672908394 10.0 444000
1695672932481 10.0 448000
1695672956289 10.0 452000
1695672980215 10.0 456000
1695673004190 10.0 460000
1695673027721 10.0 464000
1695673052132 10.0 468000
1695673078183 10.0 472000
1695673103092 10.0 476000
1695673127968 10.0 480000
1695673152868 10.0 484000
1695673177691 10.0 488000
1695673202419 10.0 492000
1695673229125 10.0 496000
1695673257714 10.0 500000
1695673285290 10.0 504000
1695673312403 10.0 508000
1695673340419 10.0 512000
1695673365708 10.0 516000
1695673391355 10.0 520000
1695673415931 10.0 524000
1695673440107 10.0 528000
1695673464162 10.0 532000
1695673488173 10.0 536000
1695673512076 10.0 540000
1695673536217 10.0 544000
1695673560674 10.0 548000
1695673585609 10.0 552000
1695673610185 10.0 556000
1695673635031 10.0 560000
1695673659686 10.0 564000
1695673684234 10.0 568000
1695673708619 10.0 572000
1695673732859 10.0 576000
1695673757749 10.0 580000
1695673782367 10.0 584000
1695673807513 10.0 588000
1695673832047 10.0 592000
1695673856203 10.0 596000
1695673880521 10.0 600000
1695673904910 10.0 604000
1695673929394 10.0 608000
1695673953750 10.0 612000
1695673978540 10.0 616000
1695674003083 10.0 620000
1695674027394 10.0 624000
1695674051557 10.0 628000
1695674076395 10.0 632000
1695674101565 10.0 636000
1695674127688 10.0 640000
1695674152653 10.0 644000
1695674178846 10.0 648000
1695674203230 10.0 652000
1695674227525 10.0 656000
1695674253901 10.0 660000
1695674280069 10.0 664000
1695674308000 10.0 668000
1695674339485 10.0 672000
1695674364688 10.0 676000
1695674389685 10.0 680000
1695674416006 10.0 684000
1695674441542 10.0 688000
1695674466251 10.0 692000
1695674490563 10.0 696000
1695674514892 10.0 700000
1695674539953 10.0 704000
1695674564771 10.0 708000
1695674591001 10.0 712000
1695674616422 10.0 716000
1695674640690 10.0 720000
1695674664601 10.0 724000
1695674689483 10.0 728000
1695674715327 10.0 732000
1695674741312 10.0 736000
1695674765369 10.0 740000
1695674789571 10.0 744000
1695674813995 10.0 748000
1695674838246 10.0 752000
1695674862728 10.0 756000
1695674887058 10.0 760000
1695674912684 10.0 764000
1695674937787 10.0 768000
1695674962010 10.0 772000
1695674986074 10.0 776000
1695675010432 10.0 780000
1695675034637 10.0 784000
1695675058923 10.0 788000
1695675084003 10.0 792000
1695675109903 10.0 796000
1695675135606 10.0 800000
1695675164993 10.0 804000
1695675190862 10.0 808000
1695675216738 10.0 812000
1695675241484 10.0 816000
1695675266176 10.0 820000
1695675290890 10.0 824000
1695675315119 10.0 828000
1695675339967 10.0 832000
1695675364444 10.0 836000
1695675388718 10.0 840000
1695675415103 10.0 844000
1695675440319 10.0 848000
1695675465752 10.0 852000
1695675490928 10.0 856000
1695675516136 10.0 860000
1695675541868 10.0 864000
1695675568602 10.0 868000
1695675595611 10.0 872000
1695675622764 10.0 876000
1695675647761 10.0 880000
1695675672214 10.0 884000
1695675696702 10.0 888000
1695675721299 10.0 892000
1695675745723 10.0 896000
1695675769872 10.0 900000
1695675793554 10.0 904000
1695675817558 10.0 908000
1695675841515 10.0 912000
1695675865698 10.0 916000
