1695672410745 -1.0 364000
1695672434651 -1.0 368000
1695672460158 -1.0 372000
1695672484858 -1.0 376000
1695672510158 -1.0 380000
1695672535499 -1.0 384000
1695672561429 -1.0 388000
1695672587172 -1.0 392000
1695672613147 -1.0 396000
1695672638774 -1.0 400000
1695672664306 -1.0 404000
1695672689760 -1.0 408000
1695672716168 -1.0 412000
1695672741015 -1.0 416000
1695672764790 -1.0 420000
1695672788740 -1.0 424000
1695672812696 -1.0 428000
1695672836736 -1.0 432000
1695672860552 -1.0 436000
1695672884344 -1.0 440000
1695672908395 -1.0 444000
1695672932481 -1.0 448000
1695672956290 -1.0 452000
1695672980215 -1.0 456000
1695673004190 -1.0 460000
1695673027722 -1.0 464000
1695673052132 -1.0 468000
1695673078184 -1.0 472000
1695673103092 -1.0 476000
1695673127968 -1.0 480000
1695673152868 -1.0 484000
1695673177692 -1.0 488000
1695673202419 -1.0 492000
1695673229125 -1.0 496000
1695673257714 -1.0 500000
1695673285291 -1.0 504000
1695673312404 -1.0 508000
1695673340419 -1.0 512000
1695673365708 -1.0 516000
1695673391355 -1.0 520000
1695673415931 -1.0 524000
1695673440107 -1.0 528000
1695673464162 -1.0 532000
1695673488173 -1.0 536000
1695673512077 -1.0 540000
1695673536218 -1.0 544000
1695673560674 -1.0 548000
1695673585610 -1.0 552000
1695673610185 -1.0 556000
1695673635031 -1.0 560000
1695673659687 -1.0 564000
1695673684234 -1.0 568000
1695673708620 -1.0 572000
1695673732860 -1.0 576000
1695673757750 -1.0 580000
1695673782367 -1.0 584000
1695673807514 -1.0 588000
1695673832047 -1.0 592000
1695673856203 -1.0 596000
1695673880522 -1.0 600000
1695673904910 -1.0 604000
1695673929394 -1.0 608000
1695673953750 -1.0 612000
1695673978541 -1.0 616000
1695674003083 -1.0 620000
1695674027394 -1.0 624000
1695674051558 -1.0 628000
1695674076396 -1.0 632000
1695674101566 -1.0 636000
1695674127688 -1.0 640000
1695674152653 -1.0 644000
1695674178846 -1.0 648000
1695674203231 -1.0 652000
1695674227525 -1.0 656000
1695674253901 -1.0 660000
1695674280070 -1.0 664000
1695674308000 -1.0 668000
1695674339485 -1.0 672000
1695674364689 -1.0 676000
1695674389685 -1.0 680000
1695674416007 -1.0 684000
1695674441543 -1.0 688000
1695674466252 -1.0 692000
1695674490563 -1.0 696000
1695674514892 -1.0 700000
1695674539953 -1.0 704000
1695674564771 -1.0 708000
1695674591001 -1.0 712000
1695674616422 -1.0 716000
1695674640690 -1.0 720000
1695674664602 -1.0 724000
1695674689483 -1.0 728000
1695674715328 -1.0 732000
1695674741312 -1.0 736000
1695674765369 -1.0 740000
1695674789571 -1.0 744000
1695674813996 -1.0 748000
1695674838247 -1.0 752000
1695674862728 -1.0 756000
1695674887058 -1.0 760000
1695674912685 -1.0 764000
1695674937787 -1.0 768000
1695674962011 -1.0 772000
1695674986074 -1.0 776000
1695675010433 -1.0 780000
1695675034638 -1.0 784000
1695675058923 -1.0 788000
1695675084003 -1.0 792000
1695675109903 -1.0 796000
1695675135607 -1.0 800000
1695675164993 -1.0 804000
1695675190863 -1.0 808000
1695675216738 -1.0 812000
1695675241485 -1.0 816000
1695675266177 -1.0 820000
1695675290890 -1.0 824000
1695675315119 -1.0 828000
1695675339967 -1.0 832000
1695675364444 -1.0 836000
1695675388718 -1.0 840000
1695675415103 -1.0 844000
1695675440320 -1.0 848000
1695675465753 -1.0 852000
1695675490929 -1.0 856000
1695675516136 -1.0 860000
1695675541868 -1.0 864000
1695675568602 -1.0 868000
1695675595612 -1.0 872000
1695675622764 -1.0 876000
1695675647762 -1.0 880000
1695675672215 -1.0 884000
1695675696702 -1.0 888000
1695675721299 -1.0 892000
1695675745724 -1.0 896000
1695675769873 -1.0 900000
1695675793554 -1.0 904000
1695675817559 -1.0 908000
1695675841516 -1.0 912000
1695675865699 -1.0 916000
