1695672410741 1800.0 364000
1695672434646 1800.0 368000
1695672460154 1800.0 372000
1695672484851 1800.0 376000
1695672510154 1800.0 380000
1695672535494 1800.0 384000
1695672561424 1800.0 388000
1695672587168 1800.0 392000
1695672613143 1800.0 396000
1695672638770 1800.0 400000
1695672664302 1800.0 404000
1695672689756 1800.0 408000
1695672716163 1800.0 412000
1695672741011 1800.0 416000
1695672764785 1800.0 420000
1695672788736 1800.0 424000
1695672812692 1800.0 428000
1695672836732 1800.0 432000
1695672860548 1800.0 436000
1695672884340 1800.0 440000
1695672908390 1800.0 444000
1695672932477 1800.0 448000
1695672956285 1800.0 452000
1695672980211 1800.0 456000
1695673004186 1800.0 460000
1695673027717 1800.0 464000
1695673052128 1800.0 468000
1695673078179 1800.0 472000
1695673103087 1800.0 476000
1695673127964 1800.0 480000
1695673152864 1800.0 484000
1695673177687 1800.0 488000
1695673202414 1800.0 492000
1695673229121 1800.0 496000
1695673257710 1800.0 500000
1695673285286 1800.0 504000
1695673312399 1800.0 508000
1695673340415 1800.0 512000
1695673365704 1800.0 516000
1695673391351 1800.0 520000
1695673415927 1800.0 524000
1695673440103 1800.0 528000
1695673464158 1800.0 532000
1695673488169 1800.0 536000
1695673512072 1800.0 540000
1695673536213 1800.0 544000
1695673560670 1800.0 548000
1695673585605 1800.0 552000
1695673610181 1800.0 556000
1695673635027 1800.0 560000
1695673659682 1800.0 564000
1695673684230 1800.0 568000
1695673708615 1800.0 572000
1695673732855 1800.0 576000
1695673757745 1800.0 580000
1695673782363 1800.0 584000
1695673807509 1800.0 588000
1695673832043 1800.0 592000
1695673856199 1800.0 596000
1695673880517 1800.0 600000
1695673904906 1800.0 604000
1695673929390 1800.0 608000
1695673953745 1800.0 612000
1695673978536 1800.0 616000
1695674003079 1800.0 620000
1695674027390 1800.0 624000
1695674051553 1800.0 628000
1695674076391 1800.0 632000
1695674101561 1800.0 636000
1695674127684 1800.0 640000
1695674152649 1800.0 644000
1695674178842 1800.0 648000
1695674203226 1800.0 652000
1695674227521 1800.0 656000
1695674253897 1800.0 660000
1695674280065 1800.0 664000
1695674307995 1800.0 668000
1695674339481 1800.0 672000
1695674364684 1800.0 676000
1695674389681 1800.0 680000
1695674416002 1800.0 684000
1695674441539 1800.0 688000
1695674466247 1800.0 692000
1695674490559 1800.0 696000
1695674514888 1800.0 700000
1695674539949 1800.0 704000
1695674564767 1800.0 708000
1695674590997 1800.0 712000
1695674616418 1800.0 716000
1695674640685 1800.0 720000
1695674664598 1800.0 724000
1695674689479 1800.0 728000
1695674715323 1800.0 732000
1695674741308 1800.0 736000
1695674765364 1800.0 740000
1695674789567 1800.0 744000
1695674813991 1800.0 748000
1695674838243 1800.0 752000
1695674862724 1800.0 756000
1695674887054 1800.0 760000
1695674912680 1800.0 764000
1695674937783 1800.0 768000
1695674962006 1800.0 772000
1695674986070 1800.0 776000
1695675010428 1800.0 780000
1695675034633 1800.0 784000
1695675058919 1800.0 788000
1695675083999 1800.0 792000
1695675109899 1800.0 796000
1695675135602 1800.0 800000
1695675164989 1800.0 804000
1695675190858 1800.0 808000
1695675216734 1800.0 812000
1695675241480 1800.0 816000
1695675266172 1800.0 820000
1695675290885 1800.0 824000
1695675315114 1800.0 828000
1695675339963 1800.0 832000
1695675364440 1800.0 836000
1695675388714 1800.0 840000
1695675415099 1800.0 844000
1695675440315 1800.0 848000
1695675465748 1800.0 852000
1695675490925 1800.0 856000
1695675516132 1800.0 860000
1695675541864 1800.0 864000
1695675568598 1800.0 868000
1695675595607 1800.0 872000
1695675622760 1800.0 876000
1695675647757 1800.0 880000
1695675672210 1800.0 884000
1695675696697 1800.0 888000
1695675721295 1800.0 892000
1695675745719 1800.0 896000
1695675769868 1800.0 900000
1695675793550 1800.0 904000
1695675817554 1800.0 908000
1695675841511 1800.0 912000
1695675865694 1800.0 916000
