1695672410748 1.4898832720588235 364000
1695672434653 1.4487109375000002 368000
1695672460161 1.4487109375000002 372000
1695672484860 1.245470074765391 376000
1695672510161 1.2000103695451754 380000
1695672535501 1.1955045620626685 384000
1695672561431 1.1812051867148519 388000
1695672587174 1.1567877266609234 392000
1695672613149 1.1617259189987486 396000
1695672638776 1.1557262370289112 400000
1695672664308 1.1797872892852346 404000
1695672689762 1.3047436670126473 408000
1695672716170 1.347728568140809 412000
1695672741018 1.3960748181408094 416000
1695672764792 1.4042721203971325 420000
1695672788742 1.4256203027752943 424000
1695672812699 1.3974419641471323 428000
1695672836738 1.4237001465252943 432000
1695672860554 1.4249535176375085 436000
1695672884346 1.4117591426375091 440000
1695672908397 1.413843418765671 444000
1695672932484 1.4409329589497142 448000
1695672956292 1.4642881725778756 452000
1695672980217 1.4556383732947784 456000
1695673004193 1.4582440556729401 460000
1695673027724 1.4424599516792642 464000
1695673052134 1.439183331801103 468000
1695673078186 1.4137775017525005 472000
1695673103094 1.4292923275588236 476000
1695673127971 1.4467635006078678 480000
1695673152870 1.4467635006078678 484000
1695673177694 1.4354887562486764 488000
1695673202421 1.4206935841141897 492000
1695673229128 1.42855217786419 496000
1695673257716 1.4343786890569112 500000
1695673285293 1.444595792531617 504000
1695673312406 1.4630172090252942 508000
1695673340422 1.5035524992093474 512000
1695673365711 1.5033403117093471 516000
1695673391357 1.562762999728317 520000
1695673415934 1.5293059595442549 524000
1695673440110 1.4684961670126468 528000
1695673464164 1.4586433960063239 532000
1695673488175 1.4601741931407994 536000
1695673512079 1.4759612479408089 540000
1695673536220 1.4370192232885186 544000
1695673560676 1.4644389574945682 548000
1695673585612 1.4448308923132218 552000
1695673610187 1.4322546745289118 556000
1695673635033 1.4611577948384888 560000
1695673659689 1.4591924259466997 564000
1695673684237 1.5098819462034556 568000
1695673708622 1.4182298757366294 572000
1695673732862 1.5133927543311747 576000
1695673757752 1.4983628098859991 580000
1695673782369 1.5268963980683088 584000
1695673807516 1.509229408997706 588000
1695673832049 1.4573211565213293 592000
1695673856206 1.4828920852667973 596000
1695673880524 1.526544484804728 600000
1695673904913 1.4825321913116898 604000
1695673929397 1.4943883643607347 608000
1695673953752 1.5481668725452196 612000
1695673978543 1.5197854984597794 616000
1695674003086 1.470142812104411 620000
1695674027396 1.4342165723480877 624000
1695674051560 1.423859498690377 628000
1695674076398 1.4594145845911257 632000
1695674101568 1.5989639694549447 636000
1695674127691 1.5198651708248518 640000
1695674152656 1.5345443403811854 644000
1695674178849 1.58914954798869 648000
1695674203233 1.4961589977915581 652000
1695674227527 1.521337939088031 656000
1695674253903 1.50725858219669 660000
1695674280072 1.5131627982192877 664000
1695674308003 1.5417550259027903 668000
1695674339487 1.4654348466633969 672000
1695674364691 1.5130408235978814 676000
1695674389688 1.5107557580352347 680000
1695674416009 1.5161808508706656 684000
1695674441545 1.4991367048643516 688000
1695674466254 1.505011747705816 692000
1695674490566 1.4786721134057434 696000
1695674514895 1.557011696472267 700000
1695674539955 1.4871566288122147 704000
1695674564773 1.4641835469507491 708000
1695674591003 1.439319822422996 712000
1695674616424 1.4864110655626472 716000
1695674640692 1.545644291326592 720000
1695674664604 1.5099302850279939 724000
1695674689485 1.568788339855985 728000
1695674715330 1.5899028456414248 732000
1695674741315 1.531030689361825 736000
1695674765371 1.5115822235494152 740000
1695674789573 1.5485632607746276 744000
1695674813998 1.5665190761481351 748000
1695674838249 1.6043484892196906 752000
1695674862731 1.5252111746691568 756000
1695674887060 1.5356824470097632 760000
1695674912687 1.539772088561151 764000
1695674937790 1.564622230259222 768000
1695674962013 1.555936485759597 772000
1695674986076 1.5334826538092896 776000
1695675010435 1.5288666956328634 780000
1695675034640 1.5173910064116805 784000
1695675058925 1.5729762310864057 788000
1695675084005 1.5528222225954527 792000
1695675109906 1.539448797065141 796000
1695675135609 1.5889928748886746 800000
1695675164996 1.5777585976785713 804000
1695675190865 1.581451390380895 808000
1695675216740 1.5980493812616725 812000
1695675241487 1.5573284908471805 816000
1695675266179 1.5410312485122541 820000
1695675290892 1.5321454266497043 824000
1695675315121 1.5295220226739434 828000
1695675339970 1.534365267177035 832000
1695675364447 1.542773109813721 836000
1695675388720 1.5707343905259354 840000
1695675415105 1.5383099699346627 844000
1695675440322 1.59013996123401 848000
1695675465755 1.5776820169212686 852000
1695675490931 1.525241611796684 856000
1695675516139 1.5201517278547712 860000
1695675541871 1.5467378342482074 864000
1695675568604 1.5415607247370298 868000
1695675595614 1.5466192170996522 872000
1695675622766 1.6039327893002988 876000
1695675647764 1.563026711795371 880000
1695675672217 1.5595661376401428 884000
1695675696704 1.5379019111977597 888000
1695675721302 1.5659830952338876 892000
1695675745726 1.57706864107045 896000
1695675769875 1.547748694225611 900000
1695675793556 1.5093773314471324 904000
1695675817561 1.4538805021480783 908000
1695675841518 1.4963071525627005 912000
1695675865701 1.569905462548813 916000
