1695672410748 1.4198579735099806 364000
1695672434653 1.4400807299724843 368000
1695672460161 1.4400807299724843 372000
1695672484860 1.3976764199152503 376000
1695672510161 1.3838642230481546 380000
1695672535501 1.3886653390007706 384000
1695672561431 1.370049962275338 388000
1695672587174 1.4038475682139624 392000
1695672613149 1.409879300145376 396000
1695672638776 1.403975407062336 400000
1695672664309 1.3858993714055798 404000
1695672689763 1.39515727127098 408000
1695672716171 1.3776155113602804 412000
1695672741018 1.421151508763947 416000
1695672764792 1.4001976579084976 420000
1695672788743 1.4064610808645353 424000
1695672812699 1.4005344061576548 428000
1695672836738 1.388866571736743 432000
1695672860554 1.3184707086721301 436000
1695672884346 1.3171207086721397 440000
1695672908397 1.3016709908204525 444000
1695672932484 1.265718567389341 448000
1695672956292 1.2739590882406184 452000
1695672980217 1.370995327785098 456000
1695673004193 1.3728675072651086 460000
1695673027724 1.3519886494592175 464000
1695673052134 1.3627323720219469 468000
1695673078186 1.368918129693238 472000
1695673103094 1.329277304757053 476000
1695673127971 1.3057270076225678 480000
1695673152871 1.3057270076225678 484000
1695673177694 1.2595814710617235 488000
1695673202421 1.291495429064283 492000
1695673229128 1.2779136480079745 496000
1695673257716 1.311581539661384 500000
1695673285293 1.3660471321199892 504000
1695673312407 1.4045057453578005 508000
1695673340422 1.3876704887723617 512000
1695673365711 1.4094809937262054 516000
1695673391357 1.3430494133580901 520000
1695673415934 1.352773193815208 524000
1695673440110 1.4353550714419157 528000
1695673464164 1.5049442330167826 532000
1695673488175 1.4537603750927333 536000
1695673512079 1.4312314673723163 540000
1695673536220 1.5103935881217432 544000
1695673560676 1.4845193044252085 548000
1695673585612 1.4984566533772963 552000
1695673610188 1.4976050510091847 556000
1695673635034 1.4916718736594095 560000
1695673659689 1.4907764611557583 564000
1695673684237 1.4277516402067352 568000
1695673708622 1.5055887027406407 572000
1695673732862 1.4504958762557385 576000
1695673757752 1.4551708879891692 580000
1695673782370 1.4150511322356547 584000
1695673807516 1.4167123194079763 588000
1695673832049 1.4990205775417367 592000
1695673856206 1.4576632653213581 596000
1695673880524 1.399271052035114 600000
1695673904913 1.4553081013532694 604000
1695673929397 1.4429625594179258 608000
1695673953753 1.3913206830622156 612000
1695673978543 1.3914544579547503 616000
1695674003086 1.4775415677485997 620000
1695674027396 1.5000109360064735 624000
1695674051560 1.4882457948423005 628000
1695674076398 1.4519789917345634 632000
1695674101568 1.336118614039672 636000
1695674127691 1.4289948586675865 640000
1695674152656 1.4222519182531403 644000
1695674178849 1.3712321211708278 648000
1695674203233 1.43920753305909 652000
1695674227527 1.4080497909171295 656000
1695674253903 1.424088380895265 660000
1695674280072 1.4154952825809444 664000
1695674308003 1.4112904053252253 668000
1695674339488 1.4879701436445743 672000
1695674364691 1.4076239554631405 676000
1695674389688 1.4234853692953717 680000
1695674416009 1.4405458047603787 684000
1695674441545 1.4499581534341406 688000
1695674466254 1.442553069954963 692000
1695674490566 1.4839796303751331 696000
1695674514895 1.4010492923064493 700000
1695674539955 1.494169013416809 704000
1695674564774 1.4838675157704295 708000
1695674591004 1.493060562353304 712000
1695674616424 1.4468911738657835 716000
1695674640692 1.3958348708474022 720000
1695674664604 1.4476585593474962 724000
1695674689485 1.39328394154751 728000
1695674715330 1.3075204312650623 732000
1695674741315 1.4311985763751547 736000
1695674765371 1.4485561843519 740000
1695674789574 1.4174519052775842 744000
1695674813998 1.4061531877723938 748000
1695674838249 1.3576139940536613 752000
1695674862731 1.421297989927061 756000
1695674887061 1.4291231583736417 760000
1695674912687 1.4361356633884232 764000
1695674937790 1.4109833030275543 768000
1695674962013 1.4107870124087252 772000
1695674986076 1.4265948369534331 776000
1695675010435 1.438347256858242 780000
1695675034640 1.450222273225366 784000
1695675058926 1.3963195655042455 788000
1695675084005 1.4221322372745517 792000
1695675109906 1.427229707366871 796000
1695675135610 1.3796560635608508 800000
1695675164996 1.3923883648466238 804000
1695675190865 1.3966401930732881 808000
1695675216741 1.3604212388860115 812000
1695675241487 1.4198408404403589 816000
1695675266179 1.4358274532948192 820000
1695675290893 1.4268823514646334 824000
1695675315122 1.4165502152845457 828000
1695675339970 1.433830760941849 832000
1695675364447 1.415657813494553 836000
1695675388721 1.390612428118738 840000
1695675415105 1.4283303830226954 844000
1695675440322 1.2914836228237292 848000
1695675465755 1.3797748388929556 852000
1695675490931 1.451628594510344 856000
1695675516139 1.4508275725551627 860000
1695675541871 1.3809862914799413 864000
1695675568605 1.4341463727298978 868000
1695675595614 1.4165521713885993 872000
1695675622767 1.3641904154273228 876000
1695675647764 1.3967163428449172 880000
1695675672217 1.3939440080527539 884000
1695675696704 1.4264058114051654 888000
1695675721302 1.3889208513655251 892000
1695675745726 1.3764718801098474 896000
1695675769875 1.3864320500429756 900000
1695675793557 1.4316378648786117 904000
1695675817561 1.423760907718024 908000
1695675841518 1.4713343137651518 912000
1695675865701 1.3953100563838137 916000
