1695672410765 479.5 364000
1695672434670 479.5 368000
1695672460178 479.5 372000
1695672484877 479.5 376000
1695672510177 479.5 380000
1695672535518 479.5 384000
1695672561447 479.5 388000
1695672587190 479.5 392000
1695672613165 479.5 396000
1695672638792 479.5 400000
1695672664325 479.5 404000
1695672689777 479.5 408000
1695672716187 479.5 412000
1695672741034 479.5 416000
1695672764808 479.5 420000
1695672788758 479.5 424000
1695672812715 479.5 428000
1695672836753 479.5 432000
1695672860570 479.5 436000
1695672884361 479.5 440000
1695672908413 479.5 444000
1695672932499 479.5 448000
1695672956307 479.5 452000
1695672980233 479.5 456000
1695673004209 479.5 460000
1695673027740 479.5 464000
1695673052150 479.5 468000
1695673078202 479.5 472000
1695673103110 479.5 476000
1695673127987 479.5 480000
1695673152886 479.5 484000
1695673177709 479.5 488000
1695673202438 479.5 492000
1695673229146 479.5 496000
1695673257732 479.5 500000
1695673285309 479.5 504000
1695673312423 479.5 508000
1695673340438 479.5 512000
1695673365726 479.5 516000
1695673391373 479.5 520000
1695673415950 479.5 524000
1695673440126 479.5 528000
1695673464180 479.5 532000
1695673488191 479.5 536000
1695673512095 479.5 540000
1695673536236 479.5 544000
1695673560692 479.5 548000
1695673585628 479.5 552000
1695673610204 479.5 556000
1695673635050 479.5 560000
1695673659705 479.5 564000
1695673684252 479.5 568000
1695673708639 479.5 572000
1695673732878 479.5 576000
1695673757768 479.5 580000
1695673782385 479.5 584000
1695673807533 479.5 588000
1695673832066 479.5 592000
1695673856221 479.5 596000
1695673880540 479.5 600000
1695673904929 479.5 604000
1695673929412 479.5 608000
1695673953769 479.5 612000
1695673978558 479.5 616000
1695674003101 479.5 620000
1695674027412 479.5 624000
1695674051576 479.5 628000
1695674076414 479.5 632000
1695674101585 479.5 636000
1695674127707 479.5 640000
1695674152672 479.5 644000
1695674178865 479.5 648000
1695674203249 479.5 652000
1695674227543 479.5 656000
1695674253920 479.5 660000
1695674280089 479.5 664000
1695674308023 479.5 668000
1695674339503 479.5 672000
1695674364707 479.5 676000
1695674389705 479.5 680000
1695674416025 479.5 684000
1695674441561 479.5 688000
1695674466270 479.5 692000
1695674490582 479.5 696000
1695674514911 479.5 700000
1695674539971 479.5 704000
1695674564790 479.5 708000
1695674591020 479.5 712000
1695674616440 479.5 716000
1695674640708 479.5 720000
1695674664620 479.5 724000
1695674689501 479.5 728000
1695674715347 479.5 732000
1695674741331 479.5 736000
1695674765387 479.5 740000
1695674789590 479.5 744000
1695674814014 479.5 748000
1695674838265 479.5 752000
1695674862747 479.5 756000
1695674887077 479.5 760000
1695674912704 479.5 764000
1695674937806 479.5 768000
1695674962029 479.5 772000
1695674986092 479.5 776000
1695675010451 479.5 780000
1695675034656 479.5 784000
1695675058941 479.5 788000
1695675084021 479.5 792000
1695675109923 479.5 796000
1695675135627 479.5 800000
1695675165012 479.5 804000
1695675190881 479.5 808000
1695675216757 479.5 812000
1695675241503 479.5 816000
1695675266194 479.5 820000
1695675290908 479.5 824000
1695675315137 479.5 828000
1695675339986 479.5 832000
1695675364463 479.5 836000
1695675388736 479.5 840000
1695675415122 479.5 844000
1695675440338 479.5 848000
1695675465770 479.5 852000
1695675490947 479.5 856000
1695675516154 479.5 860000
1695675541886 479.5 864000
1695675568620 479.5 868000
1695675595631 479.5 872000
1695675622782 479.5 876000
1695675647780 479.5 880000
1695675672233 479.5 884000
1695675696720 479.5 888000
1695675721318 479.5 892000
1695675745742 479.5 896000
1695675769891 479.5 900000
1695675793572 479.5 904000
1695675817576 479.5 908000
1695675841534 479.5 912000
1695675865717 479.5 916000
