1695672410765 480.5 364000
1695672434670 1440.5 368000
1695672460178 2400.5 372000
1695672484876 3360.5 376000
1695672510177 4320.5 380000
1695672535518 5280.5 384000
1695672561447 6240.5 388000
1695672587190 7200.5 392000
1695672613165 8160.5 396000
1695672638792 9120.5 400000
1695672664324 10080.5 404000
1695672689777 11040.5 408000
1695672716187 12000.5 412000
1695672741034 12960.5 416000
1695672764808 13920.5 420000
1695672788758 14880.5 424000
1695672812715 15840.5 428000
1695672836753 16800.5 432000
1695672860570 17760.5 436000
1695672884361 18720.5 440000
1695672908413 19680.5 444000
1695672932499 20640.5 448000
1695672956307 21600.5 452000
1695672980233 22560.5 456000
1695673004209 23520.5 460000
1695673027739 24480.5 464000
1695673052150 25440.5 468000
1695673078202 26400.5 472000
1695673103110 27360.5 476000
1695673127987 28320.5 480000
1695673152886 29280.5 484000
1695673177709 30240.5 488000
1695673202438 31200.5 492000
1695673229145 32160.5 496000
1695673257732 33120.5 500000
1695673285309 34080.5 504000
1695673312422 35040.5 508000
1695673340438 36000.5 512000
1695673365726 36960.5 516000
1695673391373 37920.5 520000
1695673415950 38880.5 524000
1695673440125 39840.5 528000
1695673464180 40800.5 532000
1695673488191 41760.5 536000
1695673512094 42720.5 540000
1695673536236 43680.5 544000
1695673560691 44640.5 548000
1695673585628 45600.5 552000
1695673610204 46560.5 556000
1695673635049 47520.5 560000
1695673659705 48480.5 564000
1695673684252 49440.5 568000
1695673708639 50400.5 572000
1695673732878 51360.5 576000
1695673757768 52320.5 580000
1695673782385 53280.5 584000
1695673807533 54240.5 588000
1695673832066 55200.5 592000
1695673856221 56160.5 596000
1695673880540 57120.5 600000
1695673904928 58080.5 604000
1695673929412 59040.5 608000
1695673953769 60000.5 612000
1695673978558 60960.5 616000
1695674003101 61920.5 620000
1695674027412 62880.5 624000
1695674051576 63840.5 628000
1695674076413 64800.5 632000
1695674101584 65760.5 636000
1695674127707 66720.5 640000
1695674152672 67680.5 644000
1695674178865 68640.5 648000
1695674203249 69600.5 652000
1695674227543 70560.5 656000
1695674253920 71520.5 660000
1695674280089 72480.5 664000
1695674308023 73440.5 668000
1695674339503 74400.5 672000
1695674364707 75360.5 676000
1695674389705 76320.5 680000
1695674416025 77280.5 684000
1695674441561 78240.5 688000
1695674466270 79200.5 692000
1695674490582 80160.5 696000
1695674514911 81120.5 700000
1695674539971 82080.5 704000
1695674564789 83040.5 708000
1695674591019 84000.5 712000
1695674616440 84960.5 716000
1695674640708 85920.5 720000
1695674664620 86880.5 724000
1695674689501 87840.5 728000
1695674715347 88800.5 732000
1695674741331 89760.5 736000
1695674765387 90720.5 740000
1695674789589 91680.5 744000
1695674814014 92640.5 748000
1695674838264 93600.5 752000
1695674862746 94560.5 756000
1695674887077 95520.5 760000
1695674912703 96480.5 764000
1695674937805 97440.5 768000
1695674962029 98400.5 772000
1695674986092 99360.5 776000
1695675010451 100320.5 780000
1695675034656 101280.5 784000
1695675058941 102240.5 788000
1695675084021 103200.5 792000
1695675109923 104160.5 796000
1695675135627 105120.5 800000
1695675165012 106080.5 804000
1695675190880 107040.5 808000
1695675216756 108000.5 812000
1695675241503 108960.5 816000
1695675266194 109920.5 820000
1695675290908 110880.5 824000
1695675315137 111840.5 828000
1695675339986 112800.5 832000
1695675364463 113760.5 836000
1695675388736 114720.5 840000
1695675415121 115680.5 844000
1695675440337 116640.5 848000
1695675465770 117600.5 852000
1695675490947 118560.5 856000
1695675516154 119520.5 860000
1695675541886 120480.5 864000
1695675568620 121440.5 868000
1695675595631 122400.5 872000
1695675622782 123360.5 876000
1695675647780 124320.5 880000
1695675672233 125280.5 884000
1695675696720 126240.5 888000
1695675721318 127200.5 892000
1695675745742 128160.5 896000
1695675769891 129120.5 900000
1695675793572 130080.5 904000
1695675817576 131040.5 908000
1695675841534 132000.5 912000
1695675865716 132960.5 916000
