1695672410723 50.529411764705884 364000
1695672434627 97.83333333333333 368000
1695672460135 97.83333333333333 372000
1695672484833 261.55555555555554 376000
1695672510136 317.5 380000
1695672535473 327.9423076923077 384000
1695672561406 371.21666666666664 388000
1695672587150 368.45454545454544 392000
1695672613125 346.3333333333333 396000
1695672638751 343.97 400000
1695672664284 340.39 404000
1695672689738 211.86 408000
1695672716145 194.91 412000
1695672740992 166.03 416000
1695672764767 180.29 420000
1695672788718 172.85 424000
1695672812675 182.58 428000
1695672836714 175.78 432000
1695672860530 221.6 436000
1695672884322 224.92 440000
1695672908372 239.53 444000
1695672932460 248.89 448000
1695672956267 248.48 452000
1695672980193 175.97 456000
1695673004168 187.89 460000
1695673027699 218.28 464000
1695673052110 208.58 468000
1695673078160 209.83 472000
1695673103069 234.11 476000
1695673127942 253.82 480000
1695673152846 253.82 484000
1695673177670 316.51 488000
1695673202396 289.75 492000
1695673229101 276.44 496000
1695673257691 255.07 500000
1695673285268 167.53 504000
1695673312381 105.84 508000
1695673340397 76.72 512000
1695673365687 76.14 516000
1695673391333 93.39 520000
1695673415909 108.83 524000
1695673440085 55.54 528000
1695673464140 40.15 532000
1695673488148 49.75 536000
1695673512054 48.72 540000
1695673536195 31.954128440366972 544000
1695673560652 34.93693693693694 548000
1695673585588 42.875 552000
1695673610162 35.99 556000
1695673635009 28.879310344827587 560000
1695673659664 41.31 564000
1695673684213 50.65 568000
1695673708597 40.79365079365079 572000
1695673732837 29.62 576000
1695673757727 41.10569105691057 580000
1695673782345 29.42982456140351 584000
1695673807491 39.024 588000
1695673832025 26.06611570247934 592000
1695673856182 29.834862385321102 596000
1695673880499 47.79 600000
1695673904889 46.57 604000
1695673929372 57.64 608000
1695673953727 58.16 612000
1695673978519 92.99 616000
1695674003062 42.34 620000
1695674027371 53.18 624000
1695674051536 72.37 628000
1695674076374 82.01 632000
1695674101542 63.95 636000
1695674127666 30.65 640000
1695674152632 30.66 644000
1695674178824 46.62 648000
1695674203208 63.8 652000
1695674227503 75.03 656000
1695674253879 50.86 660000
1695674280046 75.04 664000
1695674307974 30.27358490566038 668000
1695674339462 46.43 672000
1695674364666 65.2 676000
1695674389662 52.72 680000
1695674415985 55.26 684000
1695674441521 44.95 688000
1695674466229 52.52252252252252 692000
1695674490541 39.275590551181104 696000
1695674514871 28.262295081967213 700000
1695674539931 24.99 704000
1695674564749 44.32 708000
1695674590978 42.421052631578945 712000
1695674616400 49.92 716000
1695674640667 30.305555555555557 720000
1695674664580 24.251968503937007 724000
1695674689461 42.09375 728000
1695674715304 33.88333333333333 732000
1695674741290 30.97037037037037 736000
1695674765347 22.335195530726256 740000
1695674789549 24.986577181208055 744000
1695674813973 21.850574712643677 748000
1695674838225 25.23913043478261 752000
1695674862706 26.583783783783783 756000
1695674887036 21.383084577114428 760000
1695674912663 21.65934065934066 764000
1695674937765 20.63681592039801 768000
1695674961988 21.29281767955801 772000
1695674986052 21.16042780748663 776000
1695675010411 22.459016393442624 780000
1695675034615 21.77710843373494 784000
1695675058902 27.49342105263158 788000
1695675083981 22.63978494623656 792000
1695675109881 21.762962962962963 796000
1695675135577 37.833333333333336 800000
1695675164971 24.447513812154696 804000
1695675190841 20.96685082872928 808000
1695675216716 24.480225988700564 812000
1695675241463 20.80628272251309 816000
1695675266155 24.254545454545454 820000
1695675290868 20.72680412371134 824000
1695675315097 21.807909604519775 828000
1695675339944 21.41025641025641 832000
1695675364421 20.489247311827956 836000
1695675388696 28.28205128205128 840000
1695675415080 20.686915887850468 844000
1695675440297 23.801136363636363 848000
1695675465730 20.296703296703296 852000
1695675490907 19.650273224043715 856000
1695675516115 23.870786516853933 860000
1695675541846 20.3 864000
1695675568580 23.280898876404493 868000
1695675595589 25.477386934673365 872000
1695675622742 21.75409836065574 876000
1695675647739 19.183574879227052 880000
1695675672193 18.0990990990991 884000
1695675696679 19.14423076923077 888000
1695675721277 20.144329896907216 892000
1695675745702 20.92 896000
1695675769851 29.27 900000
1695675793532 40.17 904000
1695675817536 80.67 908000
1695675841493 26.927272727272726 912000
1695675865676 37.48823529411764 916000
