1695672410722 2.909741245568804 364000
1695672434626 2.8887916674724843 368000
1695672460135 2.8887916674724843 372000
1695672484833 2.6431464946806424 376000
1695672510135 2.583874592593331 380000
1695672535473 2.58416990106344 384000
1695672561406 2.551255148990191 388000
1695672587150 2.560635294874888 392000
1695672613124 2.5716052191441263 396000
1695672638751 2.559701644091249 400000
1695672664283 2.5656866606908157 404000
1695672689738 2.6999009382836276 408000
1695672716145 2.7253440795010886 412000
1695672740991 2.817226326904755 416000
1695672764767 2.804469778305629 420000
1695672788718 2.8320813836398293 424000
1695672812675 2.797976370304786 428000
1695672836714 2.812566718262037 432000
1695672860530 2.7434242263096382 436000
1695672884321 2.7288798513096486 440000
1695672908372 2.7155144095861226 444000
1695672932459 2.7066515263390545 448000
1695672956267 2.7382472608184933 452000
1695672980193 2.8266337010798765 456000
1695673004168 2.8311115629380494 460000
1695673027699 2.794448601138482 464000
1695673052110 2.8019157038230507 468000
1695673078160 2.782695631445739 472000
1695673103069 2.7585696323158766 476000
1695673127941 2.752490508230435 480000
1695673152846 2.752490508230435 484000
1695673177670 2.6950702273104 488000
1695673202395 2.7121890131784725 492000
1695673229100 2.7064658258721646 496000
1695673257691 2.7459602287182947 500000
1695673285268 2.8106429246516074 504000
1695673312381 2.8675229543830945 508000
1695673340397 2.8912229879817097 512000
1695673365687 2.9128213054355525 516000
1695673391332 2.905812413086407 520000
1695673415908 2.8820791533594625 524000
1695673440085 2.9038512384545627 528000
1695673464140 2.963587629023106 532000
1695673488148 2.9139345682335325 536000
1695673512054 2.9071927153131254 540000
1695673536195 2.9474128114102616 544000
1695673560652 2.948958261919776 548000
1695673585587 2.9432875456905188 552000
1695673610162 2.9298597255380954 556000
1695673635008 2.9528296684978974 560000
1695673659664 2.949968887102458 564000
1695673684213 2.937633586410189 568000
1695673708597 2.92381857847727 572000
1695673732837 2.963888630586914 576000
1695673757727 2.953533697875168 580000
1695673782345 2.9419475303039633 584000
1695673807491 2.9259417284056815 588000
1695673832024 2.956341734063066 592000
1695673856181 2.9405553505881543 596000
1695673880499 2.9258155368398415 600000
1695673904888 2.9378402926649585 604000
1695673929372 2.93735092377866 608000
1695673953726 2.939487555607435 612000
1695673978518 2.9112399564145295 616000
1695674003062 2.947684379853011 620000
1695674027371 2.9342275083545606 624000
1695674051535 2.9121052935326763 628000
1695674076373 2.911393576325688 632000
1695674101542 2.9350825834946166 636000
1695674127666 2.9488600294924385 640000
1695674152631 2.9567962586343244 644000
1695674178824 2.9603816691595175 648000
1695674203208 2.9353665308506476 652000
1695674227503 2.9293877300051605 656000
1695674253879 2.9313469630919546 660000
1695674280046 2.928658080800231 664000
1695674307973 2.953045431228015 668000
1695674339462 2.9534049903079707 672000
1695674364666 2.920664779061022 676000
1695674389662 2.9342411273306057 680000
1695674415984 2.9567266556310443 684000
1695674441521 2.949094858298492 688000
1695674466228 2.9475648176607776 692000
1695674490541 2.9626517437808757 696000
1695674514870 2.958060988778716 700000
1695674539931 2.9813256422290224 704000
1695674564748 2.948051062721179 708000
1695674590978 2.9323803847763 712000
1695674616400 2.93330223942843 716000
1695674640667 2.941479162173994 720000
1695674664580 2.957588844375488 724000
1695674689460 2.9620722814034948 728000
1695674715304 2.8974232769064874 732000
1695674741290 2.9622292657369798 736000
1695674765346 2.9601384079013155 740000
1695674789549 2.966015166052212 744000
1695674813973 2.972672263920528 748000
1695674838225 2.9619624832733518 752000
1695674862706 2.9465091645962183 756000
1695674887036 2.9648056053834044 760000
1695674912663 2.9759077519495736 764000
1695674937765 2.9756055332867763 768000
1695674961988 2.9667234981683217 772000
1695674986052 2.960077490762722 776000
1695675010410 2.9672139524911043 780000
1695675034615 2.9676132796370474 784000
1695675058901 2.9692957965906515 788000
1695675083981 2.9749544598700046 792000
1695675109881 2.9666785044320116 796000
1695675135577 2.9686489384495247 800000
1695675164971 2.970146962525194 804000
1695675190841 2.978091583454182 808000
1695675216716 2.958470620147684 812000
1695675241463 2.977169331287539 816000
1695675266154 2.9768587018070733 820000
1695675290868 2.9590277781143373 824000
1695675315096 2.9460722379584885 828000
1695675339944 2.968196028118884 832000
1695675364421 2.958430923308274 836000
1695675388696 2.9613468186446736 840000
1695675415080 2.9666403529573584 844000
1695675440297 2.881623584057739 848000
1695675465730 2.9574568558142236 852000
1695675490907 2.9768702063070274 856000
1695675516114 2.970979300409933 860000
1695675541846 2.9277241257281488 864000
1695675568580 2.9757070974669277 868000
1695675595589 2.9631713884882505 872000
1695675622742 2.968123204727621 876000
1695675647739 2.9597430546402874 880000
1695675672192 2.9535101456928965 884000
1695675696679 2.964307722602925 888000
1695675721276 2.9549039465994134 892000
1695675745701 2.9535405211802965 896000
1695675769850 2.934180744268586 900000
1695675793532 2.941015196325743 904000
1695675817536 2.877641409866102 908000
1695675841493 2.9676414663278514 912000
1695675865676 2.9652155189326264 916000
