1695672410723 17.0 364000
1695672434627 7.0 368000
1695672460135 0.0 372000
1695672484834 21.0 376000
1695672510136 5.0 380000
1695672535474 2.0 384000
1695672561406 8.0 388000
1695672587151 17.0 392000
1695672613125 10.0 396000
1695672638752 22.0 400000
1695672664284 22.0 404000
1695672689738 31.0 408000
1695672716145 19.0 412000
1695672740992 18.0 416000
1695672764768 10.0 420000
1695672788718 33.0 424000
1695672812675 16.0 428000
1695672836714 15.0 432000
1695672860530 22.0 436000
1695672884322 10.0 440000
1695672908373 14.0 444000
1695672932460 24.0 448000
1695672956267 15.0 452000
1695672980193 28.0 456000
1695673004168 21.0 460000
1695673027699 10.0 464000
1695673052110 8.0 468000
1695673078161 31.0 472000
1695673103069 16.0 476000
1695673127943 9.0 480000
1695673152846 0.0 484000
1695673177670 19.0 488000
1695673202396 19.0 492000
1695673229101 24.0 496000
1695673257691 30.0 500000
1695673285268 28.0 504000
1695673312381 59.0 508000
1695673340397 45.0 512000
1695673365687 37.0 516000
1695673391333 25.0 520000
1695673415909 58.0 524000
1695673440085 83.0 528000
1695673464140 84.0 532000
1695673488149 87.0 536000
1695673512055 85.0 540000
1695673536195 109.0 544000
1695673560652 111.0 548000
1695673585588 112.0 552000
1695673610163 85.0 556000
1695673635009 116.0 560000
1695673659665 87.0 564000
1695673684213 95.0 568000
1695673708598 126.0 572000
1695673732838 90.0 576000
1695673757727 123.0 580000
1695673782345 114.0 584000
1695673807491 125.0 588000
1695673832025 121.0 592000
1695673856182 109.0 596000
1695673880500 70.0 600000
1695673904889 67.0 604000
1695673929373 36.0 608000
1695673953727 63.0 612000
1695673978519 62.0 616000
1695674003062 90.0 620000
1695674027372 22.0 624000
1695674051536 53.0 628000
1695674076374 72.0 632000
1695674101543 100.0 636000
1695674127667 96.0 640000
1695674152632 54.0 644000
1695674178824 57.0 648000
1695674203208 79.0 652000
1695674227503 63.0 656000
1695674253879 80.0 660000
1695674280047 78.0 664000
1695674307974 106.0 668000
1695674339463 96.0 672000
1695674364667 62.0 676000
1695674389663 55.0 680000
1695674415985 65.0 684000
1695674441521 92.0 688000
1695674466229 111.0 692000
1695674490541 127.0 696000
1695674514871 122.0 700000
1695674539931 85.0 704000
1695674564749 57.0 708000
1695674590978 114.0 712000
1695674616400 96.0 716000
1695674640668 144.0 720000
1695674664581 127.0 724000
1695674689461 128.0 728000
1695674715305 120.0 732000
1695674741291 135.0 736000
1695674765347 179.0 740000
1695674789549 149.0 744000
1695674813973 174.0 748000
1695674838225 138.0 752000
1695674862707 185.0 756000
1695674887036 201.0 760000
1695674912663 182.0 764000
1695674937766 201.0 768000
1695674961989 181.0 772000
1695674986052 187.0 776000
1695675010411 183.0 780000
1695675034616 166.0 784000
1695675058902 152.0 788000
1695675083981 186.0 792000
1695675109882 135.0 796000
1695675135577 120.0 800000
1695675164972 181.0 804000
1695675190841 181.0 808000
1695675216716 177.0 812000
1695675241463 191.0 816000
1695675266155 165.0 820000
1695675290868 194.0 824000
1695675315097 177.0 828000
1695675339945 156.0 832000
1695675364421 186.0 836000
1695675388696 156.0 840000
1695675415081 214.0 844000
1695675440298 176.0 848000
1695675465731 182.0 852000
1695675490908 183.0 856000
1695675516115 178.0 860000
1695675541846 160.0 864000
1695675568580 178.0 868000
1695675595589 199.0 872000
1695675622742 183.0 876000
1695675647739 207.0 880000
1695675672193 222.0 884000
1695675696679 208.0 888000
1695675721277 194.0 892000
1695675745702 74.0 896000
1695675769851 49.0 900000
1695675793532 62.0 904000
1695675817536 98.0 908000
1695675841493 110.0 912000
1695675865676 170.0 916000
