1695672410722 2.9981456677729414 364000
1695672434626 2.9981456677729414 368000
1695672460135 2.9981456677729414 372000
1695672484833 2.9981456677729414 376000
1695672510135 2.9981456677729414 380000
1695672535473 2.9981456677729414 384000
1695672561405 2.9981456677729414 388000
1695672587150 2.9981456677729414 392000
1695672613124 2.9981456677729414 396000
1695672638751 2.9981456677729414 400000
1695672664283 2.9981456677729414 404000
1695672689737 2.9981456677729414 408000
1695672716144 2.9981456677729414 412000
1695672740991 2.9981456677729414 416000
1695672764767 2.9981456677729414 420000
1695672788718 2.998259283544055 424000
1695672812674 2.998259283544055 428000
1695672836714 2.998259283544055 432000
1695672860530 2.998259283544055 436000
1695672884321 2.998259283544055 440000
1695672908372 2.998259283544055 444000
1695672932459 2.9981456677729414 448000
1695672956266 2.9981456677729414 452000
1695672980192 2.998259283544055 456000
1695673004167 2.998259283544055 460000
1695673027699 2.998259283544055 464000
1695673052110 2.998259283544055 468000
1695673078160 2.998259283544055 472000
1695673103069 2.998259283544055 476000
1695673127940 2.998259283544055 480000
1695673152846 2.998259283544055 484000
1695673177669 2.9981456677729414 488000
1695673202395 2.9981456677729414 492000
1695673229100 2.9981456677729414 496000
1695673257691 2.9981456677729414 500000
1695673285267 2.998259283544055 504000
1695673312380 2.998259283544055 508000
1695673340396 2.998259283544055 512000
1695673365686 2.998259283544055 516000
1695673391332 2.998259283544055 520000
1695673415908 2.9981456677729414 524000
1695673440085 2.9981456677729414 528000
1695673464139 2.998259283544055 532000
1695673488148 2.998259283544055 536000
1695673512054 2.998259283544055 540000
1695673536195 2.998259283544055 544000
1695673560651 2.998259283544055 548000
1695673585587 2.9981456677729414 552000
1695673610162 2.9981456677729414 556000
1695673635008 2.998259283544055 560000
1695673659664 2.998259283544055 564000
1695673684212 2.998259283544055 568000
1695673708597 2.998259283544055 572000
1695673732837 2.998259283544055 576000
1695673757727 2.998259283544055 580000
1695673782344 2.998259283544055 584000
1695673807490 2.998259283544055 588000
1695673832024 2.998259283544055 592000
1695673856181 2.998259283544055 596000
1695673880499 2.998259283544055 600000
1695673904888 2.998259283544055 604000
1695673929372 2.998259283544055 608000
1695673953726 2.998259283544055 612000
1695673978518 2.998259283544055 616000
1695674003061 2.998259283544055 620000
1695674027371 2.998259283544055 624000
1695674051535 2.998259283544055 628000
1695674076373 2.9981456677729414 632000
1695674101542 2.998259283544055 636000
1695674127666 2.998259283544055 640000
1695674152631 2.998259283544055 644000
1695674178823 2.998259283544055 648000
1695674203208 2.998259283544055 652000
1695674227503 2.998259283544055 656000
1695674253878 2.998259283544055 660000
1695674280046 2.998259283544055 664000
1695674307973 2.998259283544055 668000
1695674339462 2.998259283544055 672000
1695674364666 2.998259283544055 676000
1695674389662 2.998259283544055 680000
1695674415984 2.998259283544055 684000
1695674441520 2.998259283544055 688000
1695674466228 2.998259283544055 692000
1695674490540 2.998259283544055 696000
1695674514870 2.998259283544055 700000
1695674539930 2.998259283544055 704000
1695674564748 2.998259283544055 708000
1695674590978 2.998259283544055 712000
1695674616399 2.998259283544055 716000
1695674640667 2.998259283544055 720000
1695674664580 2.998259283544055 724000
1695674689460 2.998259283544055 728000
1695674715304 2.998259283544055 732000
1695674741290 2.998259283544055 736000
1695674765346 2.998259283544055 740000
1695674789548 2.998259283544055 744000
1695674813973 2.998259283544055 748000
1695674838224 2.998259283544055 752000
1695674862706 2.998259283544055 756000
1695674887035 2.998259283544055 760000
1695674912662 2.998259283544055 764000
1695674937765 2.998259283544055 768000
1695674961988 2.998259283544055 772000
1695674986051 2.998259283544055 776000
1695675010410 2.998259283544055 780000
1695675034615 2.998259283544055 784000
1695675058901 2.998259283544055 788000
1695675083980 2.998259283544055 792000
1695675109881 2.998259283544055 796000
1695675135576 2.998259283544055 800000
1695675164971 2.998259283544055 804000
1695675190840 2.998259283544055 808000
1695675216716 2.998259283544055 812000
1695675241462 2.998259283544055 816000
1695675266154 2.998259283544055 820000
1695675290867 2.998259283544055 824000
1695675315096 2.998259283544055 828000
1695675339944 2.998259283544055 832000
1695675364420 2.998259283544055 836000
1695675388695 2.998259283544055 840000
1695675415080 2.998259283544055 844000
1695675440297 2.998259283544055 848000
1695675465729 2.998259283544055 852000
1695675490907 2.998259283544055 856000
1695675516114 2.998259283544055 860000
1695675541845 2.998259283544055 864000
1695675568579 2.998259283544055 868000
1695675595589 2.998259283544055 872000
1695675622741 2.998259283544055 876000
1695675647738 2.998259283544055 880000
1695675672192 2.998259283544055 884000
1695675696679 2.998259283544055 888000
1695675721276 2.998259283544055 892000
1695675745701 2.998259283544055 896000
1695675769850 2.998259283544055 900000
1695675793531 2.998259283544055 904000
1695675817536 2.998259283544055 908000
1695675841492 2.998259283544055 912000
1695675865676 2.998259283544055 916000
