1695672410722 1.7792187499999998 364000
1695672434626 1.7792187499999998 368000
1695672460135 1.7792187499999998 372000
1695672484833 -0.21550000000000066 376000
1695672510135 -0.21550000000000066 380000
1695672535473 -0.21550000000000066 384000
1695672561406 -0.21550000000000066 388000
1695672587150 -0.21550000000000066 392000
1695672613124 -0.21550000000000066 396000
1695672638751 -0.4839999999999986 400000
1695672664283 -0.9524999999999871 404000
1695672689738 -0.9524999999999871 408000
1695672716145 -0.9524999999999871 412000
1695672740991 -0.9524999999999871 416000
1695672764767 -0.9524999999999871 420000
1695672788718 0.9569062499999994 424000
1695672812675 -0.3675000000000011 428000
1695672836714 -0.3675000000000011 432000
1695672860530 -0.3675000000000011 436000
1695672884321 -0.3675000000000011 440000
1695672908372 -0.3675000000000011 444000
1695672932459 -0.3675000000000011 448000
1695672956267 -0.253500000000001 452000
1695672980192 0.7176932378162629 456000
1695673004168 0.7691030335441621 460000
1695673027699 0.7691030335441621 464000
1695673052110 0.7691030335441621 468000
1695673078160 -0.6957163949999615 472000
1695673103069 -0.6957163949999615 476000
1695673127940 -0.6957163949999615 480000
1695673152846 -0.6957163949999615 484000
1695673177670 -0.6957163949999615 488000
1695673202395 -0.6957163949999615 492000
1695673229100 -0.6957163949999615 496000
1695673257691 1.4126932378161796 500000
1695673285268 1.4566932378161739 504000
1695673312381 1.4444375000000096 508000
1695673340396 1.4444375000000096 512000
1695673365687 1.8056932378161916 516000
1695673391332 1.7884432378161619 520000
1695673415908 1.4871932378162174 524000
1695673440085 1.849421875000001 528000
1695673464140 1.848906250000001 532000
1695673488148 1.5775156250000046 536000
1695673512054 1.389718750000001 540000
1695673536195 1.8460000000000005 544000
1695673560651 1.92059375 548000
1695673585587 1.8295468750000015 552000
1695673610162 1.8295468750000015 556000
1695673635008 1.7671093750000009 560000
1695673659664 1.91496875 564000
1695673684212 1.8288125 568000
1695673708597 -0.3039499999999456 572000
1695673732837 1.9311250000000002 576000
1695673757727 1.9247031250000002 580000
1695673782345 1.7863593750000013 584000
1695673807490 1.8932656250000002 588000
1695673832024 1.8289375000000008 592000
1695673856181 1.8691875000000002 596000
1695673880499 1.8691875000000002 600000
1695673904888 0.6055000000000043 604000
1695673929372 0.6055000000000043 608000
1695673953726 1.99569323781617 612000
1695673978518 1.9726932378161686 616000
1695674003062 1.9261932378161672 620000
1695674027371 1.6186875000000005 624000
1695674051535 1.5791562500000003 628000
1695674076373 1.6078125 632000
1695674101542 1.9916932378161696 636000
1695674127666 1.925203125 640000
1695674152631 1.925203125 644000
1695674178824 1.99419323781617 648000
1695674203208 1.98369323781617 652000
1695674227503 1.9731932378161696 656000
1695674253878 1.93453125 660000
1695674280046 2.00169323781617 664000
1695674307973 2.1559062500000015 668000
1695674339462 1.9976932378161698 672000
1695674364666 1.91284375 676000
1695674389662 1.91284375 680000
1695674415984 1.9986932378161701 684000
1695674441520 1.99719323781617 688000
1695674466228 1.99669323781617 692000
1695674490540 2.24125573781617 696000
1695674514870 1.902703125 700000
1695674539930 2.6700968750000005 704000
1695674564748 1.8879375 708000
1695674590978 0.7901932378162797 712000
1695674616400 1.7658125 716000
1695674640667 1.85409375 720000
1695674664580 1.8771875 724000
1695674689460 1.9066932378161696 728000
1695674715304 1.928015625 732000
1695674741290 1.8275000000000001 736000
1695674765346 1.932828125 740000
1695674789548 1.923 744000
1695674813973 1.8718125000000003 748000
1695674838225 1.920875 752000
1695674862706 -0.8819999999999715 756000
1695674887035 1.93071875 760000
1695674912662 2.0531281250000055 764000
1695674937765 2.27828125 768000
1695674961988 2.327890625 772000
1695674986051 1.91525 776000
1695675010410 1.6785000000000005 780000
1695675034615 1.915765625 784000
1695675058901 2.649158605000011 788000
1695675083981 2.3293906250000003 792000
1695675109881 2.3136562500000006 796000
1695675135576 2.33271875 800000
1695675164971 2.343453125 804000
1695675190841 2.58383125 808000
1695675216716 1.898078125 812000
1695675241462 2.331109375 816000
1695675266154 1.881421875 820000
1695675290868 2.2626250000000008 824000
1695675315096 1.897515625 828000
1695675339944 2.6559406250000004 832000
1695675364421 2.32409375 836000
1695675388696 2.0915057378161697 840000
1695675415080 2.3057968750000004 844000
1695675440297 1.936640625 848000
1695675465730 1.917359375 852000
1695675490907 2.345859375 856000
1695675516114 2.514693237816175 860000
1695675541846 1.903296875 864000
1695675568580 2.4614276128161716 868000
1695675595589 0.44199999999999995 872000
1695675622741 1.938046875 876000
1695675647739 1.9314218749999998 880000
1695675672192 1.918875 884000
1695675696679 2.3270937500000004 888000
1695675721276 1.8976406250000002 892000
1695675745701 1.9298281250000002 896000
1695675769850 1.9298281250000002 900000
1695675793532 2.0669843750000014 904000
1695675817536 0.46399999999999997 908000
1695675841493 2.258783605 912000
1695675865676 1.6008437500000072 916000
