1695672410723 0.0 364000
1695672434627 0.0 368000
1695672460136 0.0 372000
1695672484834 0.0 376000
1695672510136 0.0 380000
1695672535474 0.0 384000
1695672561406 0.0 388000
1695672587151 0.0 392000
1695672613125 0.0 396000
1695672638752 0.0 400000
1695672664284 0.0 404000
1695672689739 0.0 408000
1695672716145 0.0 412000
1695672740992 0.0 416000
1695672764768 0.0 420000
1695672788719 0.0 424000
1695672812675 0.0 428000
1695672836715 0.0 432000
1695672860531 0.0 436000
1695672884322 0.0 440000
1695672908373 0.0 444000
1695672932460 0.0 448000
1695672956267 0.0 452000
1695672980193 0.0 456000
1695673004168 0.0 460000
1695673027700 0.0 464000
1695673052111 0.0 468000
1695673078161 0.0 472000
1695673103070 0.0 476000
1695673127944 0.0 480000
1695673152847 0.0 484000
1695673177670 0.0 488000
1695673202396 0.0 492000
1695673229101 0.0 496000
1695673257692 0.0 500000
1695673285268 0.0 504000
1695673312381 0.0 508000
1695673340397 0.0 512000
1695673365687 0.0 516000
1695673391333 0.0 520000
1695673415909 0.0 524000
1695673440086 0.0 528000
1695673464140 0.0 532000
1695673488149 0.0 536000
1695673512055 0.0 540000
1695673536196 0.0 544000
1695673560652 0.0 548000
1695673585588 0.0 552000
1695673610163 0.0 556000
1695673635009 0.0 560000
1695673659665 0.0 564000
1695673684213 0.0 568000
1695673708598 0.0 572000
1695673732838 0.0 576000
1695673757728 0.0 580000
1695673782345 0.0 584000
1695673807491 0.0 588000
1695673832025 0.0 592000
1695673856182 0.0 596000
1695673880500 0.0 600000
1695673904889 0.0 604000
1695673929373 0.0 608000
1695673953727 0.0 612000
1695673978519 0.0 616000
1695674003062 0.0 620000
1695674027372 0.0 624000
1695674051536 0.0 628000
1695674076374 0.0 632000
1695674101543 0.0 636000
1695674127667 0.0 640000
1695674152632 0.0 644000
1695674178824 0.0 648000
1695674203209 0.0 652000
1695674227504 0.0 656000
1695674253879 0.0 660000
1695674280047 0.0 664000
1695674307974 0.0 668000
1695674339463 0.0 672000
1695674364667 0.0 676000
1695674389663 0.0 680000
1695674415985 0.0 684000
1695674441521 0.0 688000
1695674466229 0.0 692000
1695674490541 0.0 696000
1695674514871 0.0 700000
1695674539931 0.0 704000
1695674564749 0.0 708000
1695674590979 0.0 712000
1695674616400 0.0 716000
1695674640668 0.0 720000
1695674664581 0.0 724000
1695674689461 0.0 728000
1695674715305 0.0 732000
1695674741291 0.0 736000
1695674765347 0.0 740000
1695674789549 0.0 744000
1695674813974 0.0 748000
1695674838225 0.0 752000
1695674862707 0.0 756000
1695674887036 0.0 760000
1695674912663 0.0 764000
1695674937766 0.0 768000
1695674961989 0.0 772000
1695674986052 0.0 776000
1695675010411 0.0 780000
1695675034616 0.0 784000
1695675058902 0.0 788000
1695675083981 0.0 792000
1695675109882 0.0 796000
1695675135578 0.0 800000
1695675164972 0.0 804000
1695675190841 0.0 808000
1695675216717 0.0 812000
1695675241463 0.0 816000
1695675266155 0.0 820000
1695675290868 0.0 824000
1695675315097 0.0 828000
1695675339945 0.0 832000
1695675364421 0.0 836000
1695675388696 0.0 840000
1695675415081 0.0 844000
1695675440298 0.0 848000
1695675465731 0.0 852000
1695675490908 0.0 856000
1695675516115 0.0 860000
1695675541846 0.0 864000
1695675568580 0.0 868000
1695675595590 0.0 872000
1695675622742 0.0 876000
1695675647739 0.0 880000
1695675672193 0.0 884000
1695675696680 0.0 888000
1695675721277 0.0 892000
1695675745702 0.0 896000
1695675769851 0.0 900000
1695675793532 0.0 904000
1695675817537 0.0 908000
1695675841494 0.0 912000
1695675865677 0.0 916000
