1695672410772 0.5 364000
1695672434677 0.5 368000
1695672460184 0.5 372000
1695672484883 0.5 376000
1695672510183 0.5 380000
1695672535526 0.5 384000
1695672561453 0.5 388000
1695672587196 0.5 392000
1695672613171 0.5 396000
1695672638799 0.5 400000
1695672664331 0.5 404000
1695672689783 0.5 408000
1695672716193 0.5 412000
1695672741041 0.5 416000
1695672764814 0.5 420000
1695672788764 0.5 424000
1695672812721 0.5 428000
1695672836759 0.5 432000
1695672860576 0.5 436000
1695672884367 0.5 440000
1695672908420 0.5 444000
1695672932506 0.5 448000
1695672956314 0.5 452000
1695672980240 0.5 456000
1695673004215 0.5 460000
1695673027746 0.5 464000
1695673052157 0.5 468000
1695673078208 0.5 472000
1695673103116 0.5 476000
1695673127994 0.5 480000
1695673152893 0.5 484000
1695673177715 0.5 488000
1695673202445 0.5 492000
1695673229154 0.5 496000
1695673257739 0.5 500000
1695673285316 0.5 504000
1695673312430 0.5 508000
1695673340444 0.5 512000
1695673365732 0.5 516000
1695673391380 0.5 520000
1695673415956 0.5 524000
1695673440132 0.5 528000
1695673464186 0.5 532000
1695673488197 0.5 536000
1695673512102 0.5 540000
1695673536243 0.5 544000
1695673560698 0.5 548000
1695673585635 0.5 552000
1695673610210 0.5 556000
1695673635056 0.5 560000
1695673659711 0.5 564000
1695673684259 0.5 568000
1695673708645 0.5 572000
1695673732884 0.5 576000
1695673757775 0.5 580000
1695673782392 0.5 584000
1695673807540 0.5 588000
1695673832072 0.5 592000
1695673856227 0.5 596000
1695673880546 0.5 600000
1695673904935 0.5 604000
1695673929419 0.5 608000
1695673953775 0.5 612000
1695673978565 0.5 616000
1695674003107 0.5 620000
1695674027419 0.5 624000
1695674051582 0.5 628000
1695674076420 0.5 632000
1695674101591 0.5 636000
1695674127713 0.5 640000
1695674152678 0.5 644000
1695674178872 0.5 648000
1695674203255 0.5 652000
1695674227549 0.5 656000
1695674253926 0.5 660000
1695674280096 0.5 664000
1695674308032 0.5 668000
1695674339510 0.5 672000
1695674364713 0.5 676000
1695674389711 0.5 680000
1695674416031 0.5 684000
1695674441567 0.5 688000
1695674466277 0.5 692000
1695674490588 0.5 696000
1695674514917 0.5 700000
1695674539977 0.5 704000
1695674564796 0.5 708000
1695674591026 0.5 712000
1695674616446 0.5 716000
1695674640715 0.5 720000
1695674664626 0.5 724000
1695674689508 0.5 728000
1695674715354 0.5 732000
1695674741337 0.5 736000
1695674765393 0.5 740000
1695674789596 0.5 744000
1695674814021 0.5 748000
1695674838271 0.5 752000
1695674862753 0.5 756000
1695674887084 0.5 760000
1695674912710 0.5 764000
1695674937812 0.5 768000
1695674962035 0.5 772000
1695674986098 0.5 776000
1695675010458 0.5 780000
1695675034662 0.5 784000
1695675058948 0.5 788000
1695675084028 0.5 792000
1695675109930 0.5 796000
1695675135634 0.5 800000
1695675165019 0.5 804000
1695675190887 0.5 808000
1695675216763 0.5 812000
1695675241510 0.5 816000
1695675266201 0.5 820000
1695675290914 0.5 824000
1695675315143 0.5 828000
1695675339993 0.5 832000
1695675364470 0.5 836000
1695675388742 0.5 840000
1695675415128 0.5 844000
1695675440344 0.5 848000
1695675465776 0.5 852000
1695675490953 0.5 856000
1695675516161 0.5 860000
1695675541893 0.5 864000
1695675568627 0.5 868000
1695675595637 0.5 872000
1695675622789 0.5 876000
1695675647786 0.5 880000
1695675672239 0.5 884000
1695675696727 0.5 888000
1695675721324 0.5 892000
1695675745749 0.5 896000
1695675769898 0.5 900000
1695675793579 0.5 904000
1695675817583 0.5 908000
1695675841540 0.5 912000
1695675865723 0.5 916000
