1695672410771 0.0 364000
1695672434676 0.0 368000
1695672460184 0.0 372000
1695672484883 0.0 376000
1695672510182 0.0 380000
1695672535525 0.0 384000
1695672561453 0.0 388000
1695672587196 0.0 392000
1695672613171 0.0 396000
1695672638798 0.0 400000
1695672664330 0.0 404000
1695672689783 0.0 408000
1695672716193 0.0 412000
1695672741040 0.0 416000
1695672764814 0.0 420000
1695672788764 0.0 424000
1695672812720 0.0 428000
1695672836759 0.0 432000
1695672860575 0.0 436000
1695672884367 0.0 440000
1695672908419 0.0 444000
1695672932505 0.0 448000
1695672956313 0.0 452000
1695672980239 0.0 456000
1695673004214 0.0 460000
1695673027745 0.0 464000
1695673052156 0.0 468000
1695673078208 0.0 472000
1695673103116 0.0 476000
1695673127993 0.0 480000
1695673152892 0.0 484000
1695673177715 0.0 488000
1695673202444 0.0 492000
1695673229153 0.0 496000
1695673257739 0.0 500000
1695673285315 0.0 504000
1695673312429 0.0 508000
1695673340444 0.0 512000
1695673365732 0.0 516000
1695673391379 0.0 520000
1695673415956 0.0 524000
1695673440132 0.0 528000
1695673464186 0.0 532000
1695673488197 0.0 536000
1695673512101 0.0 540000
1695673536243 0.0 544000
1695673560697 0.0 548000
1695673585634 0.0 552000
1695673610210 0.0 556000
1695673635055 0.0 560000
1695673659711 0.0 564000
1695673684258 0.0 568000
1695673708645 0.0 572000
1695673732884 0.0 576000
1695673757774 0.0 580000
1695673782391 0.0 584000
1695673807539 0.0 588000
1695673832072 0.0 592000
1695673856227 0.0 596000
1695673880546 0.0 600000
1695673904934 0.0 604000
1695673929418 0.0 608000
1695673953774 0.0 612000
1695673978564 0.0 616000
1695674003107 0.0 620000
1695674027418 0.0 624000
1695674051582 0.0 628000
1695674076419 0.0 632000
1695674101591 0.0 636000
1695674127713 0.0 640000
1695674152678 0.0 644000
1695674178871 0.0 648000
1695674203255 0.0 652000
1695674227549 0.0 656000
1695674253926 0.0 660000
1695674280095 0.0 664000
1695674308031 0.0 668000
1695674339509 0.0 672000
1695674364713 0.0 676000
1695674389711 0.0 680000
1695674416031 0.0 684000
1695674441567 0.0 688000
1695674466276 0.0 692000
1695674490588 0.0 696000
1695674514917 0.0 700000
1695674539977 0.0 704000
1695674564795 0.0 708000
1695674591025 0.0 712000
1695674616446 0.0 716000
1695674640714 0.0 720000
1695674664625 0.0 724000
1695674689508 0.0 728000
1695674715353 0.0 732000
1695674741337 0.0 736000
1695674765393 0.0 740000
1695674789595 0.0 744000
1695674814020 0.0 748000
1695674838271 0.0 752000
1695674862752 0.0 756000
1695674887083 0.0 760000
1695674912710 0.0 764000
1695674937811 0.0 768000
1695674962035 0.0 772000
1695674986098 0.0 776000
1695675010457 0.0 780000
1695675034662 0.0 784000
1695675058947 0.0 788000
1695675084027 0.0 792000
1695675109929 0.0 796000
1695675135634 0.0 800000
1695675165018 0.0 804000
1695675190886 0.0 808000
1695675216763 0.0 812000
1695675241509 0.0 816000
1695675266200 0.0 820000
1695675290914 0.0 824000
1695675315143 0.0 828000
1695675339993 0.0 832000
1695675364470 0.0 836000
1695675388742 0.0 840000
1695675415127 0.0 844000
1695675440344 0.0 848000
1695675465776 0.0 852000
1695675490953 0.0 856000
1695675516160 0.0 860000
1695675541893 0.0 864000
1695675568626 0.0 868000
1695675595637 0.0 872000
1695675622788 0.0 876000
1695675647786 0.0 880000
1695675672239 0.0 884000
1695675696726 0.0 888000
1695675721324 0.0 892000
1695675745748 0.0 896000
1695675769897 0.0 900000
1695675793578 0.0 904000
1695675817582 0.0 908000
1695675841540 0.0 912000
1695675865722 0.0 916000
