1695672410772 0.0015 364000
1695672434677 0.0015 368000
1695672460185 0.0015 372000
1695672484883 0.0015 376000
1695672510183 0.0015 380000
1695672535526 0.0015 384000
1695672561454 0.0015 388000
1695672587196 0.0015 392000
1695672613172 0.0015 396000
1695672638799 0.0015 400000
1695672664331 0.0015 404000
1695672689784 0.0015 408000
1695672716193 0.0015 412000
1695672741041 0.0015 416000
1695672764814 0.0015 420000
1695672788765 0.0015 424000
1695672812721 0.0015 428000
1695672836760 0.0015 432000
1695672860576 0.0015 436000
1695672884367 0.0015 440000
1695672908420 0.0015 444000
1695672932506 0.0015 448000
1695672956314 0.0015 452000
1695672980240 0.0015 456000
1695673004215 0.0015 460000
1695673027746 0.0015 464000
1695673052157 0.0015 468000
1695673078209 0.0015 472000
1695673103116 0.0015 476000
1695673127994 0.0015 480000
1695673152893 0.0015 484000
1695673177715 0.0015 488000
1695673202445 0.0015 492000
1695673229154 0.0015 496000
1695673257740 0.0015 500000
1695673285316 0.0015 504000
1695673312430 0.0015 508000
1695673340445 0.0015 512000
1695673365733 0.0015 516000
1695673391380 0.0015 520000
1695673415956 0.0015 524000
1695673440133 0.0015 528000
1695673464186 0.0015 532000
1695673488197 0.0015 536000
1695673512102 0.0015 540000
1695673536243 0.0015 544000
1695673560698 0.0015 548000
1695673585635 0.0015 552000
1695673610210 0.0015 556000
1695673635056 0.0015 560000
1695673659712 0.0015 564000
1695673684259 0.0015 568000
1695673708646 0.0015 572000
1695673732884 0.0015 576000
1695673757775 0.0015 580000
1695673782392 0.0015 584000
1695673807540 0.0015 588000
1695673832073 0.0015 592000
1695673856227 0.0015 596000
1695673880546 0.0015 600000
1695673904935 0.0015 604000
1695673929419 0.0015 608000
1695673953775 0.0015 612000
1695673978565 0.0015 616000
1695674003108 0.0015 620000
1695674027419 0.0015 624000
1695674051582 0.0015 628000
1695674076420 0.0015 632000
1695674101591 0.0015 636000
1695674127713 0.0015 640000
1695674152678 0.0015 644000
1695674178872 0.0015 648000
1695674203255 0.0015 652000
1695674227549 0.0015 656000
1695674253927 0.0015 660000
1695674280096 0.0015 664000
1695674308032 0.0015 668000
1695674339510 0.0015 672000
1695674364714 0.0015 676000
1695674389712 0.0015 680000
1695674416031 0.0015 684000
1695674441568 0.0015 688000
1695674466277 0.0015 692000
1695674490588 0.0015 696000
1695674514917 0.0015 700000
1695674539978 0.0015 704000
1695674564796 0.0015 708000
1695674591026 0.0015 712000
1695674616446 0.0015 716000
1695674640715 0.0015 720000
1695674664626 0.0015 724000
1695674689508 0.0015 728000
1695674715354 0.0015 732000
1695674741337 0.0015 736000
1695674765394 0.0015 740000
1695674789596 0.0015 744000
1695674814021 0.0015 748000
1695674838271 0.0015 752000
1695674862753 0.0015 756000
1695674887084 0.0015 760000
1695674912710 0.0015 764000
1695674937812 0.0015 768000
1695674962035 0.0015 772000
1695674986098 0.0015 776000
1695675010458 0.0015 780000
1695675034662 0.0015 784000
1695675058948 0.0015 788000
1695675084028 0.0015 792000
1695675109930 0.0015 796000
1695675135634 0.0015 800000
1695675165019 0.0015 804000
1695675190887 0.0015 808000
1695675216763 0.0015 812000
1695675241510 0.0015 816000
1695675266201 0.0015 820000
1695675290914 0.0015 824000
1695675315144 0.0015 828000
1695675339993 0.0015 832000
1695675364470 0.0015 836000
1695675388743 0.0015 840000
1695675415128 0.0015 844000
1695675440344 0.0015 848000
1695675465776 0.0015 852000
1695675490953 0.0015 856000
1695675516161 0.0015 860000
1695675541893 0.0015 864000
1695675568627 0.0015 868000
1695675595637 0.0015 872000
1695675622789 0.0015 876000
1695675647786 0.0015 880000
1695675672239 0.0015 884000
1695675696727 0.0015 888000
1695675721325 0.0015 892000
1695675745749 0.0015 896000
1695675769898 0.0015 900000
1695675793579 0.0015 904000
1695675817583 0.0015 908000
1695675841541 0.0015 912000
1695675865723 0.0015 916000
