1695672410726 0.039735962362850416 364000
1695672434630 0.03980050484339396 368000
1695672460138 0.03980050484339396 372000
1695672484836 0.037486023373074 376000
1695672510139 0.03744649887084961 380000
1695672535476 0.037410626044640176 384000
1695672561409 0.03769556681315104 388000
1695672587153 0.03854020849450842 392000
1695672613128 0.03858804702758789 396000
1695672638754 0.038216233253479004 400000
1695672664286 0.039037346839904785 404000
1695672689741 0.039159297943115234 408000
1695672716148 0.04004049301147461 412000
1695672740994 0.03962278366088867 416000
1695672764770 0.0391998291015625 420000
1695672788721 0.0377730131149292 424000
1695672812678 0.03784501552581787 428000
1695672836717 0.03670167922973633 432000
1695672860533 0.03592824935913086 436000
1695672884325 0.036242127418518066 440000
1695672908375 0.03658795356750488 444000
1695672932462 0.03666722774505615 448000
1695672956270 0.03696930408477783 452000
1695672980196 0.03647351264953613 456000
1695673004171 0.03680229187011719 460000
1695673027702 0.036393046379089355 464000
1695673052113 0.03636932373046875 468000
1695673078163 0.037149667739868164 472000
1695673103072 0.03780972957611084 476000
1695673127948 0.037970781326293945 480000
1695673152849 0.037970781326293945 484000
1695673177673 0.03765130043029785 488000
1695673202398 0.03820955753326416 492000
1695673229104 0.03733539581298828 496000
1695673257694 0.03837025165557861 500000
1695673285271 0.04122364521026611 504000
1695673312384 0.042632102966308594 508000
1695673340400 0.04158735275268555 512000
1695673365690 0.039412498474121094 516000
1695673391335 0.03881096839904785 520000
1695673415911 0.037294864654541016 524000
1695673440088 0.036351919174194336 528000
1695673464143 0.0350949764251709 532000
1695673488153 0.03460371494293213 536000
1695673512057 0.035228729248046875 540000
1695673536198 0.03613966320632794 544000
1695673560655 0.036291066590730135 548000
1695673585591 0.036621306623731344 552000
1695673610165 0.03760325908660889 556000
1695673635011 0.03749995396055024 560000
1695673659667 0.035363197326660156 564000
1695673684215 0.0361027717590332 568000
1695673708600 0.036046050843738374 572000
1695673732840 0.03710484504699707 576000
1695673757730 0.036561682941467784 580000
1695673782348 0.03622477514701977 584000
1695673807494 0.037877464294433595 588000
1695673832027 0.03721812539849399 592000
1695673856184 0.03604079605242528 596000
1695673880502 0.03828728199005127 600000
1695673904891 0.03637540340423584 604000
1695673929375 0.03645014762878418 608000
1695673953730 0.036290645599365234 612000
1695673978521 0.03734922409057617 616000
1695674003065 0.03572213649749756 620000
1695674027374 0.03567004203796387 624000
1695674051538 0.03542137145996094 628000
1695674076376 0.036177873611450195 632000
1695674101545 0.036391377449035645 636000
1695674127669 0.039249539375305176 640000
1695674152634 0.037444233894348145 644000
1695674178827 0.036339402198791504 648000
1695674203211 0.03585171699523926 652000
1695674227506 0.036112189292907715 656000
1695674253881 0.039551615715026855 660000
1695674280049 0.038673996925354004 664000
1695674307977 0.036543945096573736 668000
1695674339465 0.04584825038909912 672000
1695674364669 0.03892040252685547 676000
1695674389665 0.03669774532318115 680000
1695674415987 0.03839528560638428 684000
1695674441524 0.03856945037841797 688000
1695674466232 0.03790640616202139 692000
1695674490544 0.03621456191295714 696000
1695674514873 0.03723619414157555 700000
1695674539934 0.03815603256225586 704000
1695674564752 0.03840029239654541 708000
1695674590981 0.036600493548209205 712000
1695674616403 0.03911614418029785 716000
1695674640670 0.03567586342493693 720000
1695674664583 0.03552877996850202 724000
1695674689463 0.036487728357315063 728000
1695674715307 0.03703465064366659 732000
1695674741293 0.040633855042634184 736000
1695674765349 0.03582252470474669 740000
1695674789552 0.03499840729988661 744000
1695674813976 0.03644337599304901 748000
1695674838228 0.03543064214181209 752000
1695674862709 0.03583212156553526 756000
1695674887039 0.03554133040394949 760000
1695674912666 0.03662587522150396 764000
1695674937768 0.03758235950375078 768000
1695674961991 0.0362090642939615 772000
1695674986055 0.03614502157119506 776000
1695675010413 0.035609703897778455 780000
1695675034618 0.03546935966215938 784000
1695675058904 0.035199444544942754 788000
1695675083984 0.037725894681869016 792000
1695675109884 0.03837921001293041 796000
1695675135581 0.03541499376296997 800000
1695675164974 0.04457775400488416 804000
1695675190844 0.03744469163167542 808000
1695675216719 0.03832315994521319 812000
1695675241466 0.0361424466078194 816000
1695675266157 0.03659046057498816 820000
1695675290871 0.03698498932356687 824000
1695675315099 0.03651757698274602 828000
1695675339947 0.03615403786683694 832000
1695675364424 0.03640536339052262 836000
1695675388699 0.035433738659589716 840000
1695675415083 0.04048258344703746 844000
1695675440300 0.037242201241579925 848000
1695675465733 0.037995603058364365 852000
1695675490910 0.0370690079986072 856000
1695675516117 0.03704421975639429 860000
1695675541849 0.0382329523563385 864000
1695675568583 0.039309999915990934 868000
1695675595592 0.03886636178098132 872000
1695675622745 0.04195489518629397 876000
1695675647742 0.03864811238459343 880000
1695675672195 0.03523729942940377 884000
1695675696682 0.036157724949029774 888000
1695675721279 0.03672918093573187 892000
1695675745704 0.036188483238220215 896000
1695675769853 0.03607177734375 900000
1695675793535 0.035076260566711426 904000
1695675817539 0.03606152534484863 908000
1695675841496 0.03663236444646662 912000
1695675865679 0.03568368799546186 916000
