1695672410748 1.50869323781617 364000
1695672434653 1.50869323781617 368000
1695672460161 1.50869323781617 372000
1695672484860 1.6830500000000002 376000
1695672510160 1.6830500000000002 380000
1695672535501 1.6830500000000002 384000
1695672561431 1.6830500000000002 388000
1695672587174 1.7926932378161617 392000
1695672613149 2.00869323781617 396000
1695672638776 2.00869323781617 400000
1695672664308 2.00869323781617 404000
1695672689762 2.00869323781617 408000
1695672716170 1.50869323781617 412000
1695672741017 1.50869323781617 416000
1695672764792 1.50869323781617 420000
1695672788742 1.6830500000000002 424000
1695672812699 1.6830500000000002 428000
1695672836738 1.6830500000000002 432000
1695672860554 1.6830500000000002 436000
1695672884346 1.6830500000000002 440000
1695672908397 1.50869323781617 444000
1695672932483 1.50869323781617 448000
1695672956292 1.50869323781617 452000
1695672980217 2.00869323781617 456000
1695673004192 2.00869323781617 460000
1695673027724 2.00869323781617 464000
1695673052134 2.00869323781617 468000
1695673078186 2.00869323781617 472000
1695673103094 2.00869323781617 476000
1695673127971 2.00869323781617 480000
1695673152870 2.00869323781617 484000
1695673177694 1.9894346144425923 488000
1695673202421 2.008103033544055 492000
1695673229128 2.008103033544055 496000
1695673257716 2.008103033544055 500000
1695673285293 2.008103033544055 504000
1695673312406 2.00869323781617 508000
1695673340421 2.00869323781617 512000
1695673365710 2.00869323781617 516000
1695673391357 2.00869323781617 520000
1695673415933 2.00869323781617 524000
1695673440109 2.00869323781617 528000
1695673464164 2.00869323781617 532000
1695673488175 2.00869323781617 536000
1695673512079 2.00869323781617 540000
1695673536220 2.00869323781617 544000
1695673560676 2.0086925427729416 548000
1695673585612 2.00869323781617 552000
1695673610187 2.00869323781617 556000
1695673635033 2.00869323781617 560000
1695673659689 2.00869323781617 564000
1695673684236 2.00869323781617 568000
1695673708622 2.00869323781617 572000
1695673732862 2.00869323781617 576000
1695673757752 2.00869323781617 580000
1695673782369 2.00869323781617 584000
1695673807516 2.00869323781617 588000
1695673832049 2.00869323781617 592000
1695673856205 1.9909346144425923 596000
1695673880524 2.00869323781617 600000
1695673904912 2.00869323781617 604000
1695673929396 2.00869323781617 608000
1695673953752 2.00869323781617 612000
1695673978542 2.008103033544055 616000
1695674003085 2.00869323781617 620000
1695674027396 2.00869323781617 624000
1695674051560 2.00869323781617 628000
1695674076397 2.00869323781617 632000
1695674101568 2.00869323781617 636000
1695674127691 2.00869323781617 640000
1695674152655 2.00869323781617 644000
1695674178848 2.00869323781617 648000
1695674203232 2.00869323781617 652000
1695674227527 2.0086932378152036 656000
1695674253903 2.00869323781617 660000
1695674280072 2.00869323781617 664000
1695674308003 2.0086925427729416 668000
1695674339487 2.00869323781617 672000
1695674364691 2.00869323781617 676000
1695674389688 2.00869323781617 680000
1695674416009 2.00869323781617 684000
1695674441545 2.00869323781617 688000
1695674466254 2.00869323781617 692000
1695674490565 2.00869323781617 696000
1695674514894 2.00869323781617 700000
1695674539955 2.00869323781617 704000
1695674564773 2.00869323781617 708000
1695674591003 2.00869323781617 712000
1695674616424 2.00869323781617 716000
1695674640692 2.00869323781617 720000
1695674664604 2.00869323781617 724000
1695674689485 2.00869323781617 728000
1695674715330 1.8982836050000003 732000
1695674741314 2.0086932378152036 736000
1695674765371 2.00869323781617 740000
1695674789573 2.00869323781617 744000
1695674813998 2.00869323781617 748000
1695674838249 2.00869323781617 752000
1695674862730 2.00869323781617 756000
1695674887060 2.00869323781617 760000
1695674912687 2.008103033544055 764000
1695674937789 1.9909346144425923 768000
1695674962013 2.00869323781617 772000
1695674986076 2.00869323781617 776000
1695675010435 2.00869323781617 780000
1695675034640 2.00869323781617 784000
1695675058925 2.00869323781617 788000
1695675084005 2.00869323781617 792000
1695675109905 2.00869323781617 796000
1695675135609 2.0086932378152036 800000
1695675164995 2.00869323781617 804000
1695675190865 2.008103033544055 808000
1695675216740 2.00869323781617 812000
1695675241487 2.00869323781617 816000
1695675266179 2.00869323781617 820000
1695675290892 2.00869323781617 824000
1695675315121 2.00869323781617 828000
1695675339970 2.00869323781617 832000
1695675364447 2.0086925427729416 836000
1695675388720 2.008103033544055 840000
1695675415105 2.00869323781617 844000
1695675440321 1.9909346144425923 848000
1695675465755 2.00869323781617 852000
1695675490931 2.00869323781617 856000
1695675516138 2.00869323781617 860000
1695675541871 2.008103033544055 864000
1695675568604 2.00869323781617 868000
1695675595614 2.00869323781617 872000
1695675622766 2.008103033544055 876000
1695675647764 1.9909346144425923 880000
1695675672217 2.00869323781617 884000
1695675696704 2.0086932378152036 888000
1695675721301 2.0086925427729416 892000
1695675745726 2.00869323781617 896000
1695675769875 2.00869323781617 900000
1695675793556 2.00869323781617 904000
1695675817561 2.00869323781617 908000
1695675841518 2.00869323781617 912000
1695675865700 2.00869323781617 916000
