1695672410747 1.78071875 364000
1695672434653 1.78071875 368000
1695672460160 1.78071875 372000
1695672484860 1.78071875 376000
1695672510160 1.78071875 380000
1695672535501 1.78071875 384000
1695672561430 1.78071875 388000
1695672587174 1.78071875 392000
1695672613149 1.78071875 396000
1695672638776 1.4908593749999999 400000
1695672664308 1.92028698781617 404000
1695672689762 1.92028698781617 408000
1695672716170 1.92028698781617 412000
1695672741017 1.92028698781617 416000
1695672764792 1.92028698781617 420000
1695672788742 1.8717244878162012 424000
1695672812699 1.7194901128161701 428000
1695672836738 2.263443237816171 432000
1695672860554 2.263443237816171 436000
1695672884346 2.263443237816171 440000
1695672908397 2.263443237816171 444000
1695672932483 2.263443237816171 448000
1695672956291 2.263443237816171 452000
1695672980217 1.9567550427729414 456000
1695673004192 1.9567550427729414 460000
1695673027723 1.9567550427729414 464000
1695673052134 1.9567550427729414 468000
1695673078185 2.02727136281617 472000
1695673103094 2.174439855000009 476000
1695673127970 2.174439855000009 480000
1695673152870 2.174439855000009 484000
1695673177693 2.174439855000009 488000
1695673202421 2.174439855000009 492000
1695673229127 2.174439855000009 496000
1695673257716 2.2941619878161705 500000
1695673285292 2.3250994878161704 504000
1695673312406 2.38194323781617 508000
1695673340421 2.457880042772942 512000
1695673365710 2.457880042772942 516000
1695673391357 2.457880042772942 520000
1695673415933 2.3989276128161707 524000
1695673440109 2.3989276128161707 528000
1695673464164 2.45055261281617 532000
1695673488175 2.876161987815205 536000
1695673512078 2.9517401128161698 540000
1695673536220 2.44863073781617 544000
1695673560676 2.43105261281617 548000
1695673585612 2.44230261281617 552000
1695673610187 2.4027471144425925 556000
1695673635033 2.45706823781617 560000
1695673659689 2.45706823781617 564000
1695673684236 2.45888073781617 568000
1695673708622 2.4463338628152043 572000
1695673732862 2.9603956677729424 576000
1695673757752 2.4694276128161703 580000
1695673782369 2.4481463628152045 584000
1695673807516 2.856096105 588000
1695673832049 2.95003698781617 592000
1695673856205 2.46550573781617 596000
1695673880524 2.582409375000003 600000
1695673904912 2.440743658544055 604000
1695673929396 2.440743658544055 608000
1695673953752 2.4744588628161703 612000
1695673978542 2.829193237816172 616000
1695674003085 2.4765717835440553 620000
1695674027396 2.4765717835440553 624000
1695674051560 2.453551917772942 628000
1695674076397 2.4581776128161703 632000
1695674101568 2.98127136281617 636000
1695674127691 2.9787869878152047 640000
1695674152655 2.46250573781617 644000
1695674178848 2.4716463628161702 648000
1695674203232 2.4629119878161703 652000
1695674227527 2.466728033544055 656000
1695674253903 2.4622081677729417 660000
1695674280072 2.4716499085440553 664000
1695674308002 2.6560343750000004 668000
1695674339487 2.4537783644425923 672000
1695674364691 2.46491198781617 676000
1695674389687 2.46491198781617 680000
1695674416008 2.458696783544055 684000
1695674441545 2.458696783544055 688000
1695674466253 2.47897448781617 692000
1695674490565 2.97142761281617 696000
1695674514894 2.983196783544055 700000
1695674539955 2.7722557378161703 704000
1695674564773 2.4369033644425926 708000
1695674591003 2.459911987816171 712000
1695674616424 2.4152869878161702 716000
1695674640692 2.47886511281617 720000
1695674664603 2.6356437500000003 724000
1695674689485 2.47364636281617 728000
1695674715330 2.4699432378152046 732000
1695674741314 2.9517401128161698 736000
1695674765371 2.48278698781617 740000
1695674789573 2.94470886281617 744000
1695674813998 2.48659948781617 748000
1695674838249 2.968868658544056 752000
1695674862730 2.95525573781617 756000
1695674887060 2.488821783544055 760000
1695674912687 2.48659948781617 764000
1695674937789 2.48519323781617 768000
1695674962012 2.48800573781617 772000
1695674986076 2.9620994878161704 776000
1695675010434 2.47042761281617 780000
1695675034640 2.476755042772942 784000
1695675058925 2.48208386281617 788000
1695675084005 2.9483338628161704 792000
1695675109905 2.47956823781617 796000
1695675135609 2.484490112815204 800000
1695675164995 2.48449011281617 804000
1695675190864 2.94681823781617 808000
1695675216740 2.96509948781617 812000
1695675241487 2.961399908544055 816000
1695675266178 2.4732401128161703 820000
1695675290892 2.48489636281617 824000
1695675315121 2.47886511281617 828000
1695675339969 2.484603033544055 832000
1695675364446 2.48027136281617 836000
1695675388720 2.97634948781617 840000
1695675415105 2.978458167772942 844000
1695675440321 2.8578686585440582 848000
1695675465754 2.98197448781617 852000
1695675490931 2.486599487815204 856000
1695675516138 2.6352375 860000
1695675541870 2.861721105 864000
1695675568604 2.487301917772942 868000
1695675595614 2.4851932378152037 872000
1695675622766 2.479568237815204 876000
1695675647764 2.4901144177729417 880000
1695675672216 2.48308386281617 884000
1695675696704 2.481790533544055 888000
1695675721301 2.489411987815204 892000
1695675745726 2.489411987815204 896000
1695675769875 2.48378698781617 900000
1695675793556 2.47294323781617 904000
1695675817561 2.476052612815204 908000
1695675841518 2.48870886281617 912000
1695675865700 2.488708862815204 916000
