1695672410716 1.0 364000
1695672434620 1.0 368000
1695672460129 1.0 372000
1695672484827 0.8444444444444444 376000
1695672510129 0.8 380000
1695672535467 0.8076923076923077 384000
1695672561400 0.7666666666666667 388000
1695672587145 0.7662337662337663 392000
1695672613119 0.7816091954022989 396000
1695672638745 0.79 400000
1695672664277 0.79 404000
1695672689732 0.9 408000
1695672716139 0.91 412000
1695672740985 0.94 416000
1695672764761 0.92 420000
1695672788712 0.92 424000
1695672812669 0.91 428000
1695672836708 0.92 432000
1695672860525 0.89 436000
1695672884316 0.89 440000
1695672908366 0.87 444000
1695672932454 0.88 448000
1695672956261 0.88 452000
1695672980186 0.91 456000
1695673004162 0.9 460000
1695673027694 0.88 464000
1695673052104 0.88 468000
1695673078154 0.88 472000
1695673103063 0.87 476000
1695673127934 0.86 480000
1695673152840 0.86 484000
1695673177664 0.82 488000
1695673202389 0.84 492000
1695673229094 0.85 496000
1695673257685 0.87 500000
1695673285262 0.94 504000
1695673312375 0.97 508000
1695673340391 0.99 512000
1695673365681 0.99 516000
1695673391327 1.0 520000
1695673415902 0.99 524000
1695673440079 1.0 528000
1695673464134 1.0 532000
1695673488142 1.0 536000
1695673512048 1.0 540000
1695673536189 1.0 544000
1695673560646 1.0 548000
1695673585582 0.9910714285714286 552000
1695673610156 1.0 556000
1695673635003 1.0 560000
1695673659658 0.99 564000
1695673684207 0.99 568000
1695673708591 0.9920634920634921 572000
1695673732832 1.0 576000
1695673757721 1.0 580000
1695673782339 1.0 584000
1695673807485 0.992 588000
1695673832019 1.0 592000
1695673856176 1.0 596000
1695673880493 0.99 600000
1695673904882 0.99 604000
1695673929366 0.98 608000
1695673953721 0.98 612000
1695673978512 0.95 616000
1695674003056 0.99 620000
1695674027365 0.98 624000
1695674051530 0.97 628000
1695674076368 0.96 632000
1695674101536 0.98 636000
1695674127661 1.0 640000
1695674152626 1.0 644000
1695674178818 0.99 648000
1695674203202 0.97 652000
1695674227497 0.96 656000
1695674253873 0.99 660000
1695674280040 0.98 664000
1695674307967 1.0 668000
1695674339457 0.99 672000
1695674364660 0.98 676000
1695674389656 0.99 680000
1695674415978 0.99 684000
1695674441515 0.99 688000
1695674466222 0.9819819819819819 692000
1695674490535 1.0 696000
1695674514864 1.0 700000
1695674539925 1.0 704000
1695674564743 0.99 708000
1695674590972 0.9912280701754386 712000
1695674616394 0.99 716000
1695674640661 1.0 720000
1695674664575 1.0 724000
1695674689455 0.9921875 728000
1695674715298 1.0 732000
1695674741284 1.0 736000
1695674765341 1.0 740000
1695674789543 1.0 744000
1695674813967 1.0 748000
1695674838219 1.0 752000
1695674862700 0.9945945945945946 756000
1695674887030 1.0 760000
1695674912657 1.0 764000
1695674937760 1.0 768000
1695674961982 1.0 772000
1695674986046 1.0 776000
1695675010404 1.0 780000
1695675034609 1.0 784000
1695675058896 1.0 788000
1695675083975 1.0 792000
1695675109875 1.0 796000
1695675135569 1.0 800000
1695675164965 1.0 804000
1695675190835 1.0 808000
1695675216710 1.0 812000
1695675241457 1.0 816000
1695675266149 1.0 820000
1695675290862 1.0 824000
1695675315091 1.0 828000
1695675339938 1.0 832000
1695675364415 1.0 836000
1695675388690 1.0 840000
1695675415075 1.0 844000
1695675440291 1.0 848000
1695675465724 1.0 852000
1695675490902 1.0 856000
1695675516108 1.0 860000
1695675541840 1.0 864000
1695675568574 1.0 868000
1695675595583 0.9949748743718593 872000
1695675622736 1.0 876000
1695675647733 1.0 880000
1695675672187 1.0 884000
1695675696673 1.0 888000
1695675721270 1.0 892000
1695675745695 1.0 896000
1695675769845 1.0 900000
1695675793526 1.0 904000
1695675817530 0.95 908000
1695675841487 1.0 912000
1695675865670 1.0 916000
