1695672410717 0.0 364000
1695672434621 0.0 368000
1695672460129 0.0 372000
1695672484828 0.0 376000
1695672510130 0.0 380000
1695672535467 0.0 384000
1695672561401 0.0 388000
1695672587145 0.0 392000
1695672613119 0.0 396000
1695672638746 0.0 400000
1695672664278 0.0 404000
1695672689732 0.0 408000
1695672716139 0.0 412000
1695672740986 0.0 416000
1695672764762 0.0 420000
1695672788713 0.0 424000
1695672812670 0.0 428000
1695672836709 0.0 432000
1695672860525 0.0 436000
1695672884316 0.0 440000
1695672908367 0.0 444000
1695672932454 0.0 448000
1695672956261 0.0 452000
1695672980187 0.0 456000
1695673004163 0.0 460000
1695673027694 0.0 464000
1695673052105 0.0 468000
1695673078155 0.0 472000
1695673103064 0.0 476000
1695673127934 0.0 480000
1695673152841 0.0 484000
1695673177664 0.0 488000
1695673202390 0.0 492000
1695673229095 0.0 496000
1695673257686 0.0 500000
1695673285263 0.0 504000
1695673312375 0.0 508000
1695673340391 0.0 512000
1695673365682 0.0 516000
1695673391327 0.0 520000
1695673415903 0.0 524000
1695673440080 0.0 528000
1695673464135 0.0 532000
1695673488143 0.0 536000
1695673512049 0.0 540000
1695673536190 0.0 544000
1695673560646 0.0 548000
1695673585582 0.0 552000
1695673610157 0.0 556000
1695673635003 0.0 560000
1695673659659 0.0 564000
1695673684207 0.0 568000
1695673708592 0.0 572000
1695673732832 0.0 576000
1695673757722 0.0 580000
1695673782340 0.0 584000
1695673807485 0.0 588000
1695673832019 0.0 592000
1695673856176 0.0 596000
1695673880494 0.0 600000
1695673904883 0.0 604000
1695673929367 0.0 608000
1695673953721 0.0 612000
1695673978513 0.0 616000
1695674003057 0.0 620000
1695674027366 0.0 624000
1695674051530 0.0 628000
1695674076368 0.0 632000
1695674101537 0.0 636000
1695674127661 0.0 640000
1695674152626 0.0 644000
1695674178818 0.0 648000
1695674203203 0.0 652000
1695674227498 0.0 656000
1695674253873 0.0 660000
1695674280041 0.0 664000
1695674307967 0.0 668000
1695674339457 0.0 672000
1695674364661 0.0 676000
1695674389657 0.0 680000
1695674415979 0.0 684000
1695674441516 0.0 688000
1695674466223 0.0 692000
1695674490535 0.0 696000
1695674514865 0.0 700000
1695674539925 0.0 704000
1695674564743 0.0 708000
1695674590973 0.0 712000
1695674616395 0.0 716000
1695674640662 0.0 720000
1695674664575 0.0 724000
1695674689455 0.0 728000
1695674715299 0.0 732000
1695674741285 0.0 736000
1695674765341 0.0 740000
1695674789543 0.0 744000
1695674813968 0.0 748000
1695674838220 0.0 752000
1695674862701 0.0 756000
1695674887030 0.0 760000
1695674912657 0.0 764000
1695674937760 0.0 768000
1695674961983 0.0 772000
1695674986046 0.0 776000
1695675010405 0.0 780000
1695675034610 0.0 784000
1695675058896 0.0 788000
1695675083976 0.0 792000
1695675109876 0.0 796000
1695675135570 0.0 800000
1695675164966 0.0 804000
1695675190836 0.0 808000
1695675216711 0.0 812000
1695675241457 0.0 816000
1695675266149 0.0 820000
1695675290863 0.0 824000
1695675315091 0.0 828000
1695675339939 0.0 832000
1695675364416 0.0 836000
1695675388691 0.0 840000
1695675415075 0.0 844000
1695675440292 0.0 848000
1695675465725 0.0 852000
1695675490902 0.0 856000
1695675516109 0.0 860000
1695675541841 0.0 864000
1695675568575 0.0 868000
1695675595584 0.0 872000
1695675622736 0.0 876000
1695675647734 0.0 880000
1695675672187 0.0 884000
1695675696674 0.0 888000
1695675721271 0.0 892000
1695675745696 0.0 896000
1695675769845 0.0 900000
1695675793527 0.0 904000
1695675817531 0.0 908000
1695675841488 0.0 912000
1695675865671 0.0 916000
