1695672410718 0.0 364000
1695672434622 0.0 368000
1695672460130 0.0 372000
1695672484829 0.0 376000
1695672510131 0.0 380000
1695672535468 0.0 384000
1695672561401 0.0 388000
1695672587146 0.0 392000
1695672613120 0.0 396000
1695672638747 0.0 400000
1695672664279 0.0 404000
1695672689733 0.0 408000
1695672716140 0.0 412000
1695672740987 0.0 416000
1695672764763 0.0 420000
1695672788714 0.0 424000
1695672812671 0.0 428000
1695672836710 0.0 432000
1695672860526 0.0 436000
1695672884317 0.0 440000
1695672908368 0.0 444000
1695672932455 0.0 448000
1695672956262 0.0 452000
1695672980188 0.0 456000
1695673004164 0.0 460000
1695673027695 0.0 464000
1695673052106 0.0 468000
1695673078156 0.0 472000
1695673103065 0.0 476000
1695673127935 0.0 480000
1695673152842 0.0 484000
1695673177665 0.0 488000
1695673202391 0.0 492000
1695673229096 0.0 496000
1695673257687 0.0 500000
1695673285263 0.0 504000
1695673312376 0.0 508000
1695673340392 0.0 512000
1695673365683 0.0 516000
1695673391328 0.0 520000
1695673415904 0.0 524000
1695673440081 0.0 528000
1695673464135 0.0 532000
1695673488144 0.0 536000
1695673512050 0.0 540000
1695673536191 0.0 544000
1695673560647 0.0 548000
1695673585583 0.0 552000
1695673610157 0.0 556000
1695673635004 0.0 560000
1695673659660 0.0 564000
1695673684208 0.0 568000
1695673708593 0.0 572000
1695673732833 0.0 576000
1695673757723 0.0 580000
1695673782340 0.0 584000
1695673807486 0.0 588000
1695673832020 0.0 592000
1695673856177 0.0 596000
1695673880495 0.0 600000
1695673904884 0.0 604000
1695673929368 0.0 608000
1695673953722 0.0 612000
1695673978514 0.0 616000
1695674003058 0.0 620000
1695674027367 0.0 624000
1695674051531 0.0 628000
1695674076369 0.0 632000
1695674101538 0.0 636000
1695674127662 0.0 640000
1695674152627 0.0 644000
1695674178819 0.0 648000
1695674203204 0.0 652000
1695674227499 0.0 656000
1695674253874 0.0 660000
1695674280042 0.0 664000
1695674307968 0.0 668000
1695674339458 0.0 672000
1695674364662 0.0 676000
1695674389658 0.0 680000
1695674415980 0.0 684000
1695674441516 0.0 688000
1695674466224 0.0 692000
1695674490536 0.0 696000
1695674514866 0.0 700000
1695674539926 0.0 704000
1695674564744 0.0 708000
1695674590974 0.0 712000
1695674616396 0.0 716000
1695674640663 0.0 720000
1695674664576 0.0 724000
1695674689456 0.0 728000
1695674715300 0.0 732000
1695674741286 0.0 736000
1695674765342 0.0 740000
1695674789544 0.0 744000
1695674813969 0.0 748000
1695674838221 0.0 752000
1695674862702 0.0 756000
1695674887031 0.0 760000
1695674912658 0.0 764000
1695674937761 0.0 768000
1695674961984 0.0 772000
1695674986047 0.0 776000
1695675010406 0.0 780000
1695675034611 0.0 784000
1695675058897 0.0 788000
1695675083976 0.0 792000
1695675109877 0.0 796000
1695675135571 0.0 800000
1695675164967 0.0 804000
1695675190837 0.0 808000
1695675216712 0.0 812000
1695675241458 0.0 816000
1695675266150 0.0 820000
1695675290864 0.0 824000
1695675315092 0.0 828000
1695675339940 0.0 832000
1695675364416 0.0 836000
1695675388691 0.0 840000
1695675415076 0.0 844000
1695675440293 0.0 848000
1695675465726 0.0 852000
1695675490903 0.0 856000
1695675516110 0.0 860000
1695675541842 0.0 864000
1695675568576 0.0 868000
1695675595584 0.0 872000
1695675622737 0.0 876000
1695675647734 0.0 880000
1695675672188 0.0 884000
1695675696675 0.0 888000
1695675721272 0.0 892000
1695675745697 0.0 896000
1695675769846 0.0 900000
1695675793527 0.0 904000
1695675817532 0.0 908000
1695675841488 0.0 912000
1695675865671 0.0 916000
