1695672410721 364000.0 364000
1695672434625 368000.0 368000
1695672460134 372000.0 372000
1695672484832 376000.0 376000
1695672510134 380000.0 380000
1695672535472 384000.0 384000
1695672561405 388000.0 388000
1695672587149 392000.0 392000
1695672613123 396000.0 396000
1695672638750 400000.0 400000
1695672664282 404000.0 404000
1695672689737 408000.0 408000
1695672716144 412000.0 412000
1695672740990 416000.0 416000
1695672764766 420000.0 420000
1695672788717 424000.0 424000
1695672812674 428000.0 428000
1695672836713 432000.0 432000
1695672860529 436000.0 436000
1695672884320 440000.0 440000
1695672908371 444000.0 444000
1695672932458 448000.0 448000
1695672956266 452000.0 452000
1695672980191 456000.0 456000
1695673004167 460000.0 460000
1695673027698 464000.0 464000
1695673052109 468000.0 468000
1695673078159 472000.0 472000
1695673103068 476000.0 476000
1695673127939 480000.0 480000
1695673152845 484000.0 484000
1695673177669 488000.0 488000
1695673202394 492000.0 492000
1695673229099 496000.0 496000
1695673257690 500000.0 500000
1695673285267 504000.0 504000
1695673312379 508000.0 508000
1695673340395 512000.0 512000
1695673365686 516000.0 516000
1695673391331 520000.0 520000
1695673415907 524000.0 524000
1695673440084 528000.0 528000
1695673464138 532000.0 532000
1695673488147 536000.0 536000
1695673512053 540000.0 540000
1695673536194 544000.0 544000
1695673560650 548000.0 548000
1695673585586 552000.0 552000
1695673610161 556000.0 556000
1695673635007 560000.0 560000
1695673659663 564000.0 564000
1695673684211 568000.0 568000
1695673708596 572000.0 572000
1695673732836 576000.0 576000
1695673757726 580000.0 580000
1695673782344 584000.0 584000
1695673807489 588000.0 588000
1695673832023 592000.0 592000
1695673856180 596000.0 596000
1695673880498 600000.0 600000
1695673904887 604000.0 604000
1695673929371 608000.0 608000
1695673953725 612000.0 612000
1695673978517 616000.0 616000
1695674003061 620000.0 620000
1695674027370 624000.0 624000
1695674051534 628000.0 628000
1695674076372 632000.0 632000
1695674101541 636000.0 636000
1695674127665 640000.0 640000
1695674152630 644000.0 644000
1695674178823 648000.0 648000
1695674203207 652000.0 652000
1695674227502 656000.0 656000
1695674253877 660000.0 660000
1695674280045 664000.0 664000
1695674307972 668000.0 668000
1695674339461 672000.0 672000
1695674364665 676000.0 676000
1695674389661 680000.0 680000
1695674415983 684000.0 684000
1695674441519 688000.0 688000
1695674466227 692000.0 692000
1695674490539 696000.0 696000
1695674514869 700000.0 700000
1695674539929 704000.0 704000
1695674564747 708000.0 708000
1695674590977 712000.0 712000
1695674616399 716000.0 716000
1695674640666 720000.0 720000
1695674664579 724000.0 724000
1695674689459 728000.0 728000
1695674715303 732000.0 732000
1695674741289 736000.0 736000
1695674765345 740000.0 740000
1695674789547 744000.0 744000
1695674813972 748000.0 748000
1695674838224 752000.0 752000
1695674862705 756000.0 756000
1695674887034 760000.0 760000
1695674912661 764000.0 764000
1695674937764 768000.0 768000
1695674961987 772000.0 772000
1695674986050 776000.0 776000
1695675010409 780000.0 780000
1695675034614 784000.0 784000
1695675058900 788000.0 788000
1695675083980 792000.0 792000
1695675109880 796000.0 796000
1695675135575 800000.0 800000
1695675164970 804000.0 804000
1695675190840 808000.0 808000
1695675216715 812000.0 812000
1695675241461 816000.0 816000
1695675266153 820000.0 820000
1695675290867 824000.0 824000
1695675315095 828000.0 828000
1695675339943 832000.0 832000
1695675364420 836000.0 836000
1695675388695 840000.0 840000
1695675415079 844000.0 844000
1695675440296 848000.0 848000
1695675465729 852000.0 852000
1695675490906 856000.0 856000
1695675516113 860000.0 860000
1695675541845 864000.0 864000
1695675568579 868000.0 868000
1695675595588 872000.0 872000
1695675622740 876000.0 876000
1695675647738 880000.0 880000
1695675672191 884000.0 884000
1695675696678 888000.0 888000
1695675721275 892000.0 892000
1695675745700 896000.0 896000
1695675769849 900000.0 900000
1695675793531 904000.0 904000
1695675817535 908000.0 908000
1695675841492 912000.0 912000
1695675865675 916000.0 916000
