1695672410757 1.0 364000
1695672434662 1.0 368000
1695672460169 1.0 372000
1695672484868 1.0 376000
1695672510169 1.0 380000
1695672535510 1.0 384000
1695672561439 1.0 388000
1695672587182 1.0 392000
1695672613157 1.0 396000
1695672638784 1.0 400000
1695672664317 1.0 404000
1695672689770 1.0 408000
1695672716179 1.0 412000
1695672741026 1.0 416000
1695672764800 1.0 420000
1695672788751 1.0 424000
1695672812707 1.0 428000
1695672836746 1.0 432000
1695672860562 1.0 436000
1695672884354 1.0 440000
1695672908405 1.0 444000
1695672932492 1.0 448000
1695672956300 1.0 452000
1695672980226 1.0 456000
1695673004201 1.0 460000
1695673027732 1.0 464000
1695673052143 1.0 468000
1695673078194 1.0 472000
1695673103102 1.0 476000
1695673127979 1.0 480000
1695673152879 1.0 484000
1695673177702 1.0 488000
1695673202430 1.0 492000
1695673229137 1.0 496000
1695673257725 1.0 500000
1695673285301 1.0 504000
1695673312415 1.0 508000
1695673340430 1.0 512000
1695673365718 1.0 516000
1695673391365 1.0 520000
1695673415942 1.0 524000
1695673440118 1.0 528000
1695673464172 1.0 532000
1695673488183 1.0 536000
1695673512087 1.0 540000
1695673536228 1.0 544000
1695673560684 1.0 548000
1695673585620 1.0 552000
1695673610196 1.0 556000
1695673635042 1.0 560000
1695673659697 1.0 564000
1695673684245 1.0 568000
1695673708631 1.0 572000
1695673732870 1.0 576000
1695673757760 1.0 580000
1695673782378 1.0 584000
1695673807525 1.0 588000
1695673832058 1.0 592000
1695673856213 1.0 596000
1695673880532 1.0 600000
1695673904921 1.0 604000
1695673929405 1.0 608000
1695673953761 1.0 612000
1695673978551 1.0 616000
1695674003094 1.0 620000
1695674027404 1.0 624000
1695674051568 1.0 628000
1695674076406 1.0 632000
1695674101576 1.0 636000
1695674127699 1.0 640000
1695674152664 1.0 644000
1695674178857 1.0 648000
1695674203241 1.0 652000
1695674227535 1.0 656000
1695674253912 1.0 660000
1695674280081 1.0 664000
1695674308012 1.0 668000
1695674339496 1.0 672000
1695674364699 1.0 676000
1695674389696 1.0 680000
1695674416017 1.0 684000
1695674441553 1.0 688000
1695674466262 1.0 692000
1695674490574 1.0 696000
1695674514903 1.0 700000
1695674539964 1.0 704000
1695674564782 1.0 708000
1695674591012 1.0 712000
1695674616432 1.0 716000
1695674640700 1.0 720000
1695674664612 1.0 724000
1695674689494 1.0 728000
1695674715339 1.0 732000
1695674741323 1.0 736000
1695674765380 1.0 740000
1695674789582 1.0 744000
1695674814006 1.0 748000
1695674838257 1.0 752000
1695674862739 1.0 756000
1695674887069 1.0 760000
1695674912695 1.0 764000
1695674937798 1.0 768000
1695674962021 1.0 772000
1695674986084 1.0 776000
1695675010443 1.0 780000
1695675034648 1.0 784000
1695675058934 1.0 788000
1695675084014 1.0 792000
1695675109915 1.0 796000
1695675135619 1.0 800000
1695675165004 1.0 804000
1695675190873 1.0 808000
1695675216749 1.0 812000
1695675241495 1.0 816000
1695675266187 1.0 820000
1695675290900 1.0 824000
1695675315130 1.0 828000
1695675339978 1.0 832000
1695675364455 1.0 836000
1695675388729 1.0 840000
1695675415113 1.0 844000
1695675440330 1.0 848000
1695675465763 1.0 852000
1695675490939 1.0 856000
1695675516147 1.0 860000
1695675541879 1.0 864000
1695675568613 1.0 868000
1695675595623 1.0 872000
1695675622774 1.0 876000
1695675647772 1.0 880000
1695675672225 1.0 884000
1695675696712 1.0 888000
1695675721310 1.0 892000
1695675745735 1.0 896000
1695675769884 1.0 900000
1695675793565 1.0 904000
1695675817569 1.0 908000
1695675841526 1.0 912000
1695675865709 1.0 916000
