1695672410714 0.0 364000
1695672434618 0.0 368000
1695672460127 0.0 372000
1695672484825 0.0 376000
1695672510128 0.0 380000
1695672535464 0.0 384000
1695672561398 0.0 388000
1695672587143 0.0 392000
1695672613117 0.0 396000
1695672638743 0.0 400000
1695672664276 0.0 404000
1695672689730 0.0 408000
1695672716137 0.0 412000
1695672740983 0.0 416000
1695672764760 0.0 420000
1695672788709 0.0 424000
1695672812667 0.0 428000
1695672836706 0.0 432000
1695672860523 0.0 436000
1695672884314 0.0 440000
1695672908365 0.0 444000
1695672932452 0.0 448000
1695672956259 0.0 452000
1695672980185 0.0 456000
1695673004160 0.0 460000
1695673027692 0.0 464000
1695673052102 0.0 468000
1695673078152 0.0 472000
1695673103062 0.0 476000
1695673127932 0.0 480000
1695673152839 0.0 484000
1695673177662 0.0 488000
1695673202388 0.0 492000
1695673229092 0.0 496000
1695673257683 0.0 500000
1695673285260 0.0 504000
1695673312373 0.0 508000
1695673340389 0.0 512000
1695673365679 0.0 516000
1695673391325 0.0 520000
1695673415901 0.0 524000
1695673440078 0.0 528000
1695673464132 0.0 532000
1695673488141 0.0 536000
1695673512046 0.0 540000
1695673536187 0.0 544000
1695673560644 0.0 548000
1695673585580 0.0 552000
1695673610154 0.0 556000
1695673635001 0.0 560000
1695673659657 0.0 564000
1695673684205 0.0 568000
1695673708589 0.0 572000
1695673732830 0.0 576000
1695673757719 0.0 580000
1695673782337 0.0 584000
1695673807483 0.0 588000
1695673832017 0.0 592000
1695673856174 0.0 596000
1695673880491 0.0 600000
1695673904881 0.0 604000
1695673929365 0.0 608000
1695673953719 0.0 612000
1695673978511 0.0 616000
1695674003054 0.0 620000
1695674027363 0.0 624000
1695674051528 0.0 628000
1695674076366 0.0 632000
1695674101534 0.0 636000
1695674127659 0.0 640000
1695674152624 0.0 644000
1695674178816 0.0 648000
1695674203200 0.0 652000
1695674227495 0.0 656000
1695674253871 0.0 660000
1695674280038 0.0 664000
1695674307964 0.0 668000
1695674339455 0.0 672000
1695674364658 0.0 676000
1695674389655 0.0 680000
1695674415977 0.0 684000
1695674441513 0.0 688000
1695674466221 0.0 692000
1695674490533 0.0 696000
1695674514862 0.0 700000
1695674539923 0.0 704000
1695674564741 0.0 708000
1695674590970 0.0 712000
1695674616392 0.0 716000
1695674640660 0.0 720000
1695674664573 0.0 724000
1695674689453 0.0 728000
1695674715296 0.0 732000
1695674741282 0.0 736000
1695674765339 0.0 740000
1695674789541 0.0 744000
1695674813965 0.0 748000
1695674838217 0.0 752000
1695674862699 0.0 756000
1695674887028 0.0 760000
1695674912655 0.0 764000
1695674937758 0.0 768000
1695674961981 0.0 772000
1695674986044 0.0 776000
1695675010403 0.0 780000
1695675034608 0.0 784000
1695675058894 0.0 788000
1695675083973 0.0 792000
1695675109874 0.0 796000
1695675135566 0.0 800000
1695675164964 0.0 804000
1695675190833 0.0 808000
1695675216709 0.0 812000
1695675241455 0.0 816000
1695675266147 0.0 820000
1695675290860 0.0 824000
1695675315089 0.0 828000
1695675339936 0.0 832000
1695675364413 0.0 836000
1695675388688 0.0 840000
1695675415073 0.0 844000
1695675440289 0.0 848000
1695675465722 0.0 852000
1695675490900 0.0 856000
1695675516106 0.0 860000
1695675541839 0.0 864000
1695675568572 0.0 868000
1695675595581 0.0 872000
1695675622734 0.0 876000
1695675647731 0.0 880000
1695675672185 0.0 884000
1695675696671 0.0 888000
1695675721269 0.0 892000
1695675745694 0.0 896000
1695675769843 0.0 900000
1695675793524 0.0 904000
1695675817528 0.0 908000
1695675841485 0.0 912000
1695675865668 0.0 916000
