1695672410711 50.529411764705884 364000
1695672434615 97.83333333333333 368000
1695672460123 97.83333333333333 372000
1695672484821 261.55555555555554 376000
1695672510124 317.5 380000
1695672535459 327.9423076923077 384000
1695672561395 371.21666666666664 388000
1695672587139 368.45454545454544 392000
1695672613113 346.3333333333333 396000
1695672638740 343.97 400000
1695672664272 340.39 404000
1695672689727 211.86 408000
1695672716133 194.91 412000
1695672740980 166.03 416000
1695672764756 180.29 420000
1695672788705 172.85 424000
1695672812664 182.58 428000
1695672836703 175.78 432000
1695672860519 221.6 436000
1695672884311 224.92 440000
1695672908361 239.53 444000
1695672932448 248.89 448000
1695672956256 248.48 452000
1695672980181 175.97 456000
1695673004157 187.89 460000
1695673027689 218.28 464000
1695673052099 208.58 468000
1695673078149 209.83 472000
1695673103058 234.11 476000
1695673127929 253.82 480000
1695673152835 253.82 484000
1695673177659 316.51 488000
1695673202383 289.75 492000
1695673229089 276.44 496000
1695673257680 255.07 500000
1695673285257 167.53 504000
1695673312369 105.84 508000
1695673340385 76.72 512000
1695673365676 76.14 516000
1695673391321 93.39 520000
1695673415897 108.83 524000
1695673440074 55.54 528000
1695673464129 40.15 532000
1695673488137 49.75 536000
1695673512043 48.72 540000
1695673536184 31.954128440366972 544000
1695673560640 34.93693693693694 548000
1695673585576 42.875 552000
1695673610150 35.99 556000
1695673634997 28.879310344827587 560000
1695673659653 41.31 564000
1695673684202 50.65 568000
1695673708586 40.79365079365079 572000
1695673732826 29.62 576000
1695673757716 41.10569105691057 580000
1695673782334 29.42982456140351 584000
1695673807480 39.024 588000
1695673832013 26.06611570247934 592000
1695673856171 29.834862385321102 596000
1695673880488 47.79 600000
1695673904877 46.57 604000
1695673929361 57.64 608000
1695673953715 58.16 612000
1695673978507 92.99 616000
1695674003051 42.34 620000
1695674027360 53.18 624000
1695674051524 72.37 628000
1695674076362 82.01 632000
1695674101531 63.95 636000
1695674127655 30.65 640000
1695674152620 30.66 644000
1695674178813 46.62 648000
1695674203197 63.8 652000
1695674227492 75.03 656000
1695674253868 50.86 660000
1695674280035 75.04 664000
1695674307960 30.27358490566038 668000
1695674339451 46.43 672000
1695674364655 65.2 676000
1695674389651 52.72 680000
1695674415973 55.26 684000
1695674441508 44.95 688000
1695674466217 52.52252252252252 692000
1695674490529 39.275590551181104 696000
1695674514859 28.262295081967213 700000
1695674539920 24.99 704000
1695674564737 44.32 708000
1695674590966 42.421052631578945 712000
1695674616389 49.92 716000
1695674640656 30.305555555555557 720000
1695674664569 24.251968503937007 724000
1695674689449 42.09375 728000
1695674715293 33.88333333333333 732000
1695674741279 30.97037037037037 736000
1695674765335 22.335195530726256 740000
1695674789538 24.986577181208055 744000
1695674813961 21.850574712643677 748000
1695674838214 25.23913043478261 752000
1695674862695 26.583783783783783 756000
1695674887024 21.383084577114428 760000
1695674912652 21.65934065934066 764000
1695674937754 20.63681592039801 768000
1695674961977 21.29281767955801 772000
1695674986041 21.16042780748663 776000
1695675010399 22.459016393442624 780000
1695675034604 21.77710843373494 784000
1695675058891 27.49342105263158 788000
1695675083970 22.63978494623656 792000
1695675109870 21.762962962962963 796000
1695675135562 37.833333333333336 800000
1695675164960 24.447513812154696 804000
1695675190830 20.96685082872928 808000
1695675216705 24.480225988700564 812000
1695675241452 20.80628272251309 816000
1695675266144 24.254545454545454 820000
1695675290857 20.72680412371134 824000
1695675315085 21.807909604519775 828000
1695675339933 21.41025641025641 832000
1695675364410 20.489247311827956 836000
1695675388685 28.28205128205128 840000
1695675415069 20.686915887850468 844000
1695675440286 23.801136363636363 848000
1695675465719 20.296703296703296 852000
1695675490897 19.650273224043715 856000
1695675516103 23.870786516853933 860000
1695675541835 20.3 864000
1695675568569 23.280898876404493 868000
1695675595578 25.477386934673365 872000
1695675622731 21.75409836065574 876000
1695675647728 19.183574879227052 880000
1695675672181 18.0990990990991 884000
1695675696668 19.14423076923077 888000
1695675721265 20.144329896907216 892000
1695675745690 20.92 896000
1695675769839 29.27 900000
1695675793521 40.17 904000
1695675817525 80.67 908000
1695675841482 26.927272727272726 912000
1695675865665 37.48823529411764 916000
