1695672410711 2.909741245568804 364000
1695672434614 2.8887916674724843 368000
1695672460123 2.8887916674724843 372000
1695672484820 2.6431464946806424 376000
1695672510124 2.583874592593331 380000
1695672535459 2.58416990106344 384000
1695672561394 2.551255148990191 388000
1695672587139 2.560635294874888 392000
1695672613113 2.5716052191441263 396000
1695672638740 2.559701644091249 400000
1695672664272 2.5656866606908157 404000
1695672689726 2.6999009382836276 408000
1695672716133 2.7253440795010886 412000
1695672740979 2.817226326904755 416000
1695672764756 2.804469778305629 420000
1695672788705 2.8320813836398293 424000
1695672812664 2.797976370304786 428000
1695672836703 2.812566718262037 432000
1695672860519 2.7434242263096382 436000
1695672884310 2.7288798513096486 440000
1695672908361 2.7155144095861226 444000
1695672932448 2.7066515263390545 448000
1695672956256 2.7382472608184933 452000
1695672980181 2.8266337010798765 456000
1695673004156 2.8311115629380494 460000
1695673027688 2.794448601138482 464000
1695673052099 2.8019157038230507 468000
1695673078148 2.782695631445739 472000
1695673103058 2.7585696323158766 476000
1695673127928 2.752490508230435 480000
1695673152835 2.752490508230435 484000
1695673177659 2.6950702273104 488000
1695673202383 2.7121890131784725 492000
1695673229089 2.7064658258721646 496000
1695673257680 2.7459602287182947 500000
1695673285256 2.8106429246516074 504000
1695673312369 2.8675229543830945 508000
1695673340385 2.8912229879817097 512000
1695673365676 2.9128213054355525 516000
1695673391321 2.905812413086407 520000
1695673415897 2.8820791533594625 524000
1695673440074 2.9038512384545627 528000
1695673464129 2.963587629023106 532000
1695673488137 2.9139345682335325 536000
1695673512042 2.9071927153131254 540000
1695673536183 2.9474128114102616 544000
1695673560640 2.948958261919776 548000
1695673585576 2.9432875456905188 552000
1695673610150 2.9298597255380954 556000
1695673634997 2.9528296684978974 560000
1695673659653 2.949968887102458 564000
1695673684201 2.937633586410189 568000
1695673708586 2.92381857847727 572000
1695673732826 2.963888630586914 576000
1695673757716 2.953533697875168 580000
1695673782334 2.9419475303039633 584000
1695673807479 2.9259417284056815 588000
1695673832013 2.956341734063066 592000
1695673856170 2.9405553505881543 596000
1695673880488 2.9258155368398415 600000
1695673904877 2.9378402926649585 604000
1695673929361 2.93735092377866 608000
1695673953715 2.939487555607435 612000
1695673978507 2.9112399564145295 616000
1695674003051 2.947684379853011 620000
1695674027360 2.9342275083545606 624000
1695674051524 2.9121052935326763 628000
1695674076362 2.911393576325688 632000
1695674101531 2.9350825834946166 636000
1695674127655 2.9488600294924385 640000
1695674152620 2.9567962586343244 644000
1695674178813 2.9603816691595175 648000
1695674203197 2.9353665308506476 652000
1695674227492 2.9293877300051605 656000
1695674253867 2.9313469630919546 660000
1695674280034 2.928658080800231 664000
1695674307960 2.953045431228015 668000
1695674339451 2.9534049903079707 672000
1695674364654 2.920664779061022 676000
1695674389651 2.9342411273306057 680000
1695674415973 2.9567266556310443 684000
1695674441508 2.949094858298492 688000
1695674466217 2.9475648176607776 692000
1695674490529 2.9626517437808757 696000
1695674514858 2.958060988778716 700000
1695674539919 2.9813256422290224 704000
1695674564737 2.948051062721179 708000
1695674590966 2.9323803847763 712000
1695674616389 2.93330223942843 716000
1695674640656 2.941479162173994 720000
1695674664569 2.957588844375488 724000
1695674689449 2.9620722814034948 728000
1695674715292 2.8974232769064874 732000
1695674741279 2.9622292657369798 736000
1695674765335 2.9601384079013155 740000
1695674789537 2.966015166052212 744000
1695674813961 2.972672263920528 748000
1695674838214 2.9619624832733518 752000
1695674862695 2.9465091645962183 756000
1695674887024 2.9648056053834044 760000
1695674912652 2.9759077519495736 764000
1695674937754 2.9756055332867763 768000
1695674961977 2.9667234981683217 772000
1695674986040 2.960077490762722 776000
1695675010399 2.9672139524911043 780000
1695675034604 2.9676132796370474 784000
1695675058891 2.9692957965906515 788000
1695675083969 2.9749544598700046 792000
1695675109870 2.9666785044320116 796000
1695675135561 2.9686489384495247 800000
1695675164960 2.970146962525194 804000
1695675190830 2.978091583454182 808000
1695675216705 2.958470620147684 812000
1695675241451 2.977169331287539 816000
1695675266143 2.9768587018070733 820000
1695675290857 2.9590277781143373 824000
1695675315085 2.9460722379584885 828000
1695675339932 2.968196028118884 832000
1695675364409 2.958430923308274 836000
1695675388684 2.9613468186446736 840000
1695675415069 2.9666403529573584 844000
1695675440286 2.881623584057739 848000
1695675465719 2.9574568558142236 852000
1695675490896 2.9768702063070274 856000
1695675516103 2.970979300409933 860000
1695675541835 2.9277241257281488 864000
1695675568569 2.9757070974669277 868000
1695675595577 2.9631713884882505 872000
1695675622730 2.968123204727621 876000
1695675647727 2.9597430546402874 880000
1695675672181 2.9535101456928965 884000
1695675696668 2.964307722602925 888000
1695675721265 2.9549039465994134 892000
1695675745690 2.9535405211802965 896000
1695675769839 2.934180744268586 900000
1695675793521 2.941015196325743 904000
1695675817525 2.877641409866102 908000
1695675841481 2.9676414663278514 912000
1695675865664 2.9652155189326264 916000
