1695672410710 2.9981456677729414 364000
1695672434614 2.9981456677729414 368000
1695672460122 2.9981456677729414 372000
1695672484820 2.9981456677729414 376000
1695672510123 2.9981456677729414 380000
1695672535458 2.9981456677729414 384000
1695672561394 2.9981456677729414 388000
1695672587139 2.9981456677729414 392000
1695672613113 2.9981456677729414 396000
1695672638739 2.9981456677729414 400000
1695672664271 2.9981456677729414 404000
1695672689726 2.9981456677729414 408000
1695672716133 2.9981456677729414 412000
1695672740979 2.9981456677729414 416000
1695672764755 2.9981456677729414 420000
1695672788705 2.998259283544055 424000
1695672812663 2.998259283544055 428000
1695672836702 2.998259283544055 432000
1695672860519 2.998259283544055 436000
1695672884310 2.998259283544055 440000
1695672908360 2.998259283544055 444000
1695672932447 2.9981456677729414 448000
1695672956255 2.9981456677729414 452000
1695672980180 2.998259283544055 456000
1695673004156 2.998259283544055 460000
1695673027688 2.998259283544055 464000
1695673052098 2.998259283544055 468000
1695673078148 2.998259283544055 472000
1695673103057 2.998259283544055 476000
1695673127928 2.998259283544055 480000
1695673152834 2.998259283544055 484000
1695673177658 2.9981456677729414 488000
1695673202383 2.9981456677729414 492000
1695673229088 2.9981456677729414 496000
1695673257679 2.9981456677729414 500000
1695673285256 2.998259283544055 504000
1695673312369 2.998259283544055 508000
1695673340384 2.998259283544055 512000
1695673365675 2.998259283544055 516000
1695673391320 2.998259283544055 520000
1695673415896 2.9981456677729414 524000
1695673440073 2.9981456677729414 528000
1695673464128 2.998259283544055 532000
1695673488136 2.998259283544055 536000
1695673512042 2.998259283544055 540000
1695673536183 2.998259283544055 544000
1695673560640 2.998259283544055 548000
1695673585576 2.9981456677729414 552000
1695673610150 2.9981456677729414 556000
1695673634996 2.998259283544055 560000
1695673659652 2.998259283544055 564000
1695673684201 2.998259283544055 568000
1695673708585 2.998259283544055 572000
1695673732825 2.998259283544055 576000
1695673757715 2.998259283544055 580000
1695673782333 2.998259283544055 584000
1695673807479 2.998259283544055 588000
1695673832013 2.998259283544055 592000
1695673856170 2.998259283544055 596000
1695673880487 2.998259283544055 600000
1695673904876 2.998259283544055 604000
1695673929360 2.998259283544055 608000
1695673953715 2.998259283544055 612000
1695673978507 2.998259283544055 616000
1695674003050 2.998259283544055 620000
1695674027359 2.998259283544055 624000
1695674051523 2.998259283544055 628000
1695674076362 2.9981456677729414 632000
1695674101530 2.998259283544055 636000
1695674127654 2.998259283544055 640000
1695674152620 2.998259283544055 644000
1695674178812 2.998259283544055 648000
1695674203196 2.998259283544055 652000
1695674227491 2.998259283544055 656000
1695674253867 2.998259283544055 660000
1695674280034 2.998259283544055 664000
1695674307959 2.998259283544055 668000
1695674339450 2.998259283544055 672000
1695674364654 2.998259283544055 676000
1695674389650 2.998259283544055 680000
1695674415972 2.998259283544055 684000
1695674441507 2.998259283544055 688000
1695674466216 2.998259283544055 692000
1695674490528 2.998259283544055 696000
1695674514858 2.998259283544055 700000
1695674539919 2.998259283544055 704000
1695674564737 2.998259283544055 708000
1695674590966 2.998259283544055 712000
1695674616388 2.998259283544055 716000
1695674640655 2.998259283544055 720000
1695674664569 2.998259283544055 724000
1695674689448 2.998259283544055 728000
1695674715292 2.998259283544055 732000
1695674741278 2.998259283544055 736000
1695674765335 2.998259283544055 740000
1695674789537 2.998259283544055 744000
1695674813961 2.998259283544055 748000
1695674838213 2.998259283544055 752000
1695674862694 2.998259283544055 756000
1695674887023 2.998259283544055 760000
1695674912651 2.998259283544055 764000
1695674937753 2.998259283544055 768000
1695674961976 2.998259283544055 772000
1695674986040 2.998259283544055 776000
1695675010398 2.998259283544055 780000
1695675034604 2.998259283544055 784000
1695675058890 2.998259283544055 788000
1695675083969 2.998259283544055 792000
1695675109869 2.998259283544055 796000
1695675135561 2.998259283544055 800000
1695675164959 2.998259283544055 804000
1695675190829 2.998259283544055 808000
1695675216704 2.998259283544055 812000
1695675241451 2.998259283544055 816000
1695675266143 2.998259283544055 820000
1695675290856 2.998259283544055 824000
1695675315085 2.998259283544055 828000
1695675339932 2.998259283544055 832000
1695675364409 2.998259283544055 836000
1695675388684 2.998259283544055 840000
1695675415068 2.998259283544055 844000
1695675440285 2.998259283544055 848000
1695675465718 2.998259283544055 852000
1695675490896 2.998259283544055 856000
1695675516102 2.998259283544055 860000
1695675541834 2.998259283544055 864000
1695675568568 2.998259283544055 868000
1695675595577 2.998259283544055 872000
1695675622730 2.998259283544055 876000
1695675647727 2.998259283544055 880000
1695675672180 2.998259283544055 884000
1695675696667 2.998259283544055 888000
1695675721264 2.998259283544055 892000
1695675745689 2.998259283544055 896000
1695675769839 2.998259283544055 900000
1695675793520 2.998259283544055 904000
1695675817524 2.998259283544055 908000
1695675841481 2.998259283544055 912000
1695675865664 2.998259283544055 916000
