1695672410715 14418.0 364000
1695672434619 14425.0 368000
1695672460127 14425.0 372000
1695672484826 14446.0 376000
1695672510128 14451.0 380000
1695672535464 14453.0 384000
1695672561398 14461.0 388000
1695672587143 14478.0 392000
1695672613117 14488.0 396000
1695672638744 14510.0 400000
1695672664276 14532.0 404000
1695672689730 14563.0 408000
1695672716137 14582.0 412000
1695672740984 14600.0 416000
1695672764760 14610.0 420000
1695672788710 14643.0 424000
1695672812667 14659.0 428000
1695672836707 14674.0 432000
1695672860523 14696.0 436000
1695672884314 14706.0 440000
1695672908365 14720.0 444000
1695672932452 14744.0 448000
1695672956259 14759.0 452000
1695672980185 14787.0 456000
1695673004161 14808.0 460000
1695673027692 14818.0 464000
1695673052103 14826.0 468000
1695673078152 14857.0 472000
1695673103062 14873.0 476000
1695673127932 14882.0 480000
1695673152839 14882.0 484000
1695673177662 14901.0 488000
1695673202388 14920.0 492000
1695673229093 14944.0 496000
1695673257684 14974.0 500000
1695673285260 15002.0 504000
1695673312373 15061.0 508000
1695673340389 15106.0 512000
1695673365680 15143.0 516000
1695673391325 15168.0 520000
1695673415901 15226.0 524000
1695673440078 15309.0 528000
1695673464132 15393.0 532000
1695673488141 15480.0 536000
1695673512047 15565.0 540000
1695673536187 15674.0 544000
1695673560644 15785.0 548000
1695673585580 15897.0 552000
1695673610154 15982.0 556000
1695673635001 16098.0 560000
1695673659657 16185.0 564000
1695673684205 16280.0 568000
1695673708590 16406.0 572000
1695673732830 16496.0 576000
1695673757720 16619.0 580000
1695673782337 16733.0 584000
1695673807483 16858.0 588000
1695673832017 16979.0 592000
1695673856174 17088.0 596000
1695673880492 17158.0 600000
1695673904881 17225.0 604000
1695673929365 17261.0 608000
1695673953719 17324.0 612000
1695673978511 17386.0 616000
1695674003055 17476.0 620000
1695674027364 17498.0 624000
1695674051528 17551.0 628000
1695674076366 17623.0 632000
1695674101535 17723.0 636000
1695674127659 17819.0 640000
1695674152624 17873.0 644000
1695674178816 17930.0 648000
1695674203201 18009.0 652000
1695674227496 18072.0 656000
1695674253871 18152.0 660000
1695674280038 18230.0 664000
1695674307965 18336.0 668000
1695674339455 18432.0 672000
1695674364659 18494.0 676000
1695674389655 18549.0 680000
1695674415977 18614.0 684000
1695674441513 18706.0 688000
1695674466221 18817.0 692000
1695674490533 18944.0 696000
1695674514863 19066.0 700000
1695674539923 19151.0 704000
1695674564741 19208.0 708000
1695674590970 19322.0 712000
1695674616393 19418.0 716000
1695674640660 19562.0 720000
1695674664573 19689.0 724000
1695674689453 19817.0 728000
1695674715296 19937.0 732000
1695674741283 20072.0 736000
1695674765339 20251.0 740000
1695674789541 20400.0 744000
1695674813965 20574.0 748000
1695674838217 20712.0 752000
1695674862699 20897.0 756000
1695674887028 21098.0 760000
1695674912655 21280.0 764000
1695674937758 21481.0 768000
1695674961981 21662.0 772000
1695674986044 21849.0 776000
1695675010403 22032.0 780000
1695675034608 22198.0 784000
1695675058894 22350.0 788000
1695675083973 22536.0 792000
1695675109874 22671.0 796000
1695675135567 22791.0 800000
1695675164964 22972.0 804000
1695675190834 23153.0 808000
1695675216709 23330.0 812000
1695675241455 23521.0 816000
1695675266147 23686.0 820000
1695675290861 23880.0 824000
1695675315089 24057.0 828000
1695675339936 24213.0 832000
1695675364413 24399.0 836000
1695675388688 24555.0 840000
1695675415073 24769.0 844000
1695675440290 24945.0 848000
1695675465723 25127.0 852000
1695675490900 25310.0 856000
1695675516107 25488.0 860000
1695675541839 25648.0 864000
1695675568573 25826.0 868000
1695675595581 26025.0 872000
1695675622734 26208.0 876000
1695675647731 26415.0 880000
1695675672185 26637.0 884000
1695675696672 26845.0 888000
1695675721269 27039.0 892000
1695675745694 27113.0 896000
1695675769843 27162.0 900000
1695675793524 27224.0 904000
1695675817529 27322.0 908000
1695675841485 27432.0 912000
1695675865668 27602.0 916000
