1695672410710 1.7792187499999998 364000
1695672434614 1.7792187499999998 368000
1695672460123 1.7792187499999998 372000
1695672484820 -0.21550000000000066 376000
1695672510124 -0.21550000000000066 380000
1695672535458 -0.21550000000000066 384000
1695672561394 -0.21550000000000066 388000
1695672587139 -0.21550000000000066 392000
1695672613113 -0.21550000000000066 396000
1695672638739 -0.4839999999999986 400000
1695672664272 -0.9524999999999871 404000
1695672689726 -0.9524999999999871 408000
1695672716133 -0.9524999999999871 412000
1695672740979 -0.9524999999999871 416000
1695672764756 -0.9524999999999871 420000
1695672788705 0.9569062499999994 424000
1695672812663 -0.3675000000000011 428000
1695672836703 -0.3675000000000011 432000
1695672860519 -0.3675000000000011 436000
1695672884310 -0.3675000000000011 440000
1695672908361 -0.3675000000000011 444000
1695672932448 -0.3675000000000011 448000
1695672956255 -0.253500000000001 452000
1695672980181 0.7176932378162629 456000
1695673004156 0.7691030335441621 460000
1695673027688 0.7691030335441621 464000
1695673052099 0.7691030335441621 468000
1695673078148 -0.6957163949999615 472000
1695673103058 -0.6957163949999615 476000
1695673127928 -0.6957163949999615 480000
1695673152834 -0.6957163949999615 484000
1695673177658 -0.6957163949999615 488000
1695673202383 -0.6957163949999615 492000
1695673229088 -0.6957163949999615 496000
1695673257679 1.4126932378161796 500000
1695673285256 1.4566932378161739 504000
1695673312369 1.4444375000000096 508000
1695673340385 1.4444375000000096 512000
1695673365675 1.8056932378161916 516000
1695673391321 1.7884432378161619 520000
1695673415896 1.4871932378162174 524000
1695673440074 1.849421875000001 528000
1695673464128 1.848906250000001 532000
1695673488137 1.5775156250000046 536000
1695673512042 1.389718750000001 540000
1695673536183 1.8460000000000005 544000
1695673560640 1.92059375 548000
1695673585576 1.8295468750000015 552000
1695673610150 1.8295468750000015 556000
1695673634996 1.7671093750000009 560000
1695673659653 1.91496875 564000
1695673684201 1.8288125 568000
1695673708585 -0.3039499999999456 572000
1695673732826 1.9311250000000002 576000
1695673757715 1.9247031250000002 580000
1695673782333 1.7863593750000013 584000
1695673807479 1.8932656250000002 588000
1695673832013 1.8289375000000008 592000
1695673856170 1.8691875000000002 596000
1695673880487 1.8691875000000002 600000
1695673904877 0.6055000000000043 604000
1695673929361 0.6055000000000043 608000
1695673953715 1.99569323781617 612000
1695673978507 1.9726932378161686 616000
1695674003051 1.9261932378161672 620000
1695674027359 1.6186875000000005 624000
1695674051524 1.5791562500000003 628000
1695674076362 1.6078125 632000
1695674101530 1.9916932378161696 636000
1695674127654 1.925203125 640000
1695674152620 1.925203125 644000
1695674178812 1.99419323781617 648000
1695674203196 1.98369323781617 652000
1695674227491 1.9731932378161696 656000
1695674253867 1.93453125 660000
1695674280034 2.00169323781617 664000
1695674307960 2.1559062500000015 668000
1695674339451 1.9976932378161698 672000
1695674364654 1.91284375 676000
1695674389650 1.91284375 680000
1695674415973 1.9986932378161701 684000
1695674441508 1.99719323781617 688000
1695674466216 1.99669323781617 692000
1695674490529 2.24125573781617 696000
1695674514858 1.902703125 700000
1695674539919 2.6700968750000005 704000
1695674564737 1.8879375 708000
1695674590966 0.7901932378162797 712000
1695674616388 1.7658125 716000
1695674640656 1.85409375 720000
1695674664569 1.8771875 724000
1695674689449 1.9066932378161696 728000
1695674715292 1.928015625 732000
1695674741279 1.8275000000000001 736000
1695674765335 1.932828125 740000
1695674789537 1.923 744000
1695674813961 1.8718125000000003 748000
1695674838213 1.920875 752000
1695674862694 -0.8819999999999715 756000
1695674887024 1.93071875 760000
1695674912651 2.0531281250000055 764000
1695674937754 2.27828125 768000
1695674961977 2.327890625 772000
1695674986040 1.91525 776000
1695675010399 1.6785000000000005 780000
1695675034604 1.915765625 784000
1695675058890 2.649158605000011 788000
1695675083969 2.3293906250000003 792000
1695675109870 2.3136562500000006 796000
1695675135561 2.33271875 800000
1695675164960 2.343453125 804000
1695675190829 2.58383125 808000
1695675216705 1.898078125 812000
1695675241451 2.331109375 816000
1695675266143 1.881421875 820000
1695675290856 2.2626250000000008 824000
1695675315085 1.897515625 828000
1695675339932 2.6559406250000004 832000
1695675364409 2.32409375 836000
1695675388684 2.0915057378161697 840000
1695675415069 2.3057968750000004 844000
1695675440286 1.936640625 848000
1695675465718 1.917359375 852000
1695675490896 2.345859375 856000
1695675516103 2.514693237816175 860000
1695675541835 1.903296875 864000
1695675568569 2.4614276128161716 868000
1695675595577 0.44199999999999995 872000
1695675622730 1.938046875 876000
1695675647727 1.9314218749999998 880000
1695675672181 1.918875 884000
1695675696667 2.3270937500000004 888000
1695675721265 1.8976406250000002 892000
1695675745690 1.9298281250000002 896000
1695675769839 1.9298281250000002 900000
1695675793520 2.0669843750000014 904000
1695675817524 0.46399999999999997 908000
1695675841481 2.258783605 912000
1695675865664 1.6008437500000072 916000
