1695672410711 17.0 364000
1695672434615 7.0 368000
1695672460123 0.0 372000
1695672484821 21.0 376000
1695672510124 5.0 380000
1695672535460 2.0 384000
1695672561395 8.0 388000
1695672587140 17.0 392000
1695672613114 10.0 396000
1695672638740 22.0 400000
1695672664272 22.0 404000
1695672689727 31.0 408000
1695672716134 19.0 412000
1695672740980 18.0 416000
1695672764756 10.0 420000
1695672788706 33.0 424000
1695672812664 16.0 428000
1695672836703 15.0 432000
1695672860520 22.0 436000
1695672884311 10.0 440000
1695672908361 14.0 444000
1695672932448 24.0 448000
1695672956256 15.0 452000
1695672980181 28.0 456000
1695673004157 21.0 460000
1695673027689 10.0 464000
1695673052099 8.0 468000
1695673078149 31.0 472000
1695673103058 16.0 476000
1695673127929 9.0 480000
1695673152835 0.0 484000
1695673177659 19.0 488000
1695673202384 19.0 492000
1695673229089 24.0 496000
1695673257680 30.0 500000
1695673285257 28.0 504000
1695673312370 59.0 508000
1695673340386 45.0 512000
1695673365676 37.0 516000
1695673391321 25.0 520000
1695673415897 58.0 524000
1695673440074 83.0 528000
1695673464129 84.0 532000
1695673488137 87.0 536000
1695673512043 85.0 540000
1695673536184 109.0 544000
1695673560641 111.0 548000
1695673585577 112.0 552000
1695673610151 85.0 556000
1695673634997 116.0 560000
1695673659653 87.0 564000
1695673684202 95.0 568000
1695673708586 126.0 572000
1695673732826 90.0 576000
1695673757716 123.0 580000
1695673782334 114.0 584000
1695673807480 125.0 588000
1695673832014 121.0 592000
1695673856171 109.0 596000
1695673880488 70.0 600000
1695673904877 67.0 604000
1695673929361 36.0 608000
1695673953716 63.0 612000
1695673978508 62.0 616000
1695674003051 90.0 620000
1695674027360 22.0 624000
1695674051525 53.0 628000
1695674076363 72.0 632000
1695674101531 100.0 636000
1695674127655 96.0 640000
1695674152621 54.0 644000
1695674178813 57.0 648000
1695674203197 79.0 652000
1695674227492 63.0 656000
1695674253868 80.0 660000
1695674280035 78.0 664000
1695674307961 106.0 668000
1695674339452 96.0 672000
1695674364655 62.0 676000
1695674389651 55.0 680000
1695674415973 65.0 684000
1695674441508 92.0 688000
1695674466217 111.0 692000
1695674490530 127.0 696000
1695674514859 122.0 700000
1695674539920 85.0 704000
1695674564738 57.0 708000
1695674590967 114.0 712000
1695674616389 96.0 716000
1695674640656 144.0 720000
1695674664570 127.0 724000
1695674689449 128.0 728000
1695674715293 120.0 732000
1695674741279 135.0 736000
1695674765336 179.0 740000
1695674789538 149.0 744000
1695674813962 174.0 748000
1695674838214 138.0 752000
1695674862695 185.0 756000
1695674887025 201.0 760000
1695674912652 182.0 764000
1695674937754 201.0 768000
1695674961977 181.0 772000
1695674986041 187.0 776000
1695675010399 183.0 780000
1695675034604 166.0 784000
1695675058891 152.0 788000
1695675083970 186.0 792000
1695675109870 135.0 796000
1695675135562 120.0 800000
1695675164960 181.0 804000
1695675190830 181.0 808000
1695675216705 177.0 812000
1695675241452 191.0 816000
1695675266144 165.0 820000
1695675290857 194.0 824000
1695675315086 177.0 828000
1695675339933 156.0 832000
1695675364410 186.0 836000
1695675388685 156.0 840000
1695675415069 214.0 844000
1695675440286 176.0 848000
1695675465719 182.0 852000
1695675490897 183.0 856000
1695675516103 178.0 860000
1695675541835 160.0 864000
1695675568569 178.0 868000
1695675595578 199.0 872000
1695675622731 183.0 876000
1695675647728 207.0 880000
1695675672181 222.0 884000
1695675696668 208.0 888000
1695675721265 194.0 892000
1695675745690 74.0 896000
1695675769840 49.0 900000
1695675793521 62.0 904000
1695675817525 98.0 908000
1695675841482 110.0 912000
1695675865665 170.0 916000
