1695672410716 1.0 364000
1695672434620 2.0 368000
1695672460129 3.0 372000
1695672484827 4.0 376000
1695672510129 5.0 380000
1695672535467 6.0 384000
1695672561400 7.0 388000
1695672587144 8.0 392000
1695672613119 9.0 396000
1695672638745 10.0 400000
1695672664277 11.0 404000
1695672689732 12.0 408000
1695672716139 13.0 412000
1695672740985 14.0 416000
1695672764761 15.0 420000
1695672788712 16.0 424000
1695672812669 17.0 428000
1695672836708 18.0 432000
1695672860524 19.0 436000
1695672884316 20.0 440000
1695672908366 21.0 444000
1695672932453 22.0 448000
1695672956261 23.0 452000
1695672980186 24.0 456000
1695673004162 25.0 460000
1695673027693 26.0 464000
1695673052104 27.0 468000
1695673078154 28.0 472000
1695673103063 29.0 476000
1695673127934 30.0 480000
1695673152840 31.0 484000
1695673177664 32.0 488000
1695673202389 33.0 492000
1695673229094 34.0 496000
1695673257685 35.0 500000
1695673285262 36.0 504000
1695673312374 37.0 508000
1695673340391 38.0 512000
1695673365681 39.0 516000
1695673391326 40.0 520000
1695673415902 41.0 524000
1695673440079 42.0 528000
1695673464134 43.0 532000
1695673488142 44.0 536000
1695673512048 45.0 540000
1695673536189 46.0 544000
1695673560645 47.0 548000
1695673585581 48.0 552000
1695673610156 49.0 556000
1695673635003 50.0 560000
1695673659658 51.0 564000
1695673684207 52.0 568000
1695673708591 53.0 572000
1695673732831 54.0 576000
1695673757721 55.0 580000
1695673782339 56.0 584000
1695673807485 57.0 588000
1695673832018 58.0 592000
1695673856176 59.0 596000
1695673880493 60.0 600000
1695673904882 61.0 604000
1695673929366 62.0 608000
1695673953721 63.0 612000
1695673978512 64.0 616000
1695674003056 65.0 620000
1695674027365 66.0 624000
1695674051529 67.0 628000
1695674076367 68.0 632000
1695674101536 69.0 636000
1695674127660 70.0 640000
1695674152626 71.0 644000
1695674178818 72.0 648000
1695674203202 73.0 652000
1695674227497 74.0 656000
1695674253873 75.0 660000
1695674280040 76.0 664000
1695674307966 77.0 668000
1695674339456 78.0 672000
1695674364660 79.0 676000
1695674389656 80.0 680000
1695674415978 81.0 684000
1695674441515 82.0 688000
1695674466222 83.0 692000
1695674490534 84.0 696000
1695674514864 85.0 700000
1695674539925 86.0 704000
1695674564742 87.0 708000
1695674590972 88.0 712000
1695674616394 89.0 716000
1695674640661 90.0 720000
1695674664574 91.0 724000
1695674689454 92.0 728000
1695674715298 93.0 732000
1695674741284 94.0 736000
1695674765340 95.0 740000
1695674789543 96.0 744000
1695674813967 97.0 748000
1695674838219 98.0 752000
1695674862700 99.0 756000
1695674887029 100.0 760000
1695674912657 101.0 764000
1695674937759 102.0 768000
1695674961982 103.0 772000
1695674986046 104.0 776000
1695675010404 105.0 780000
1695675034609 106.0 784000
1695675058896 107.0 788000
1695675083975 108.0 792000
1695675109875 109.0 796000
1695675135569 110.0 800000
1695675164965 111.0 804000
1695675190835 112.0 808000
1695675216710 113.0 812000
1695675241457 114.0 816000
1695675266149 115.0 820000
1695675290862 116.0 824000
1695675315090 117.0 828000
1695675339938 118.0 832000
1695675364415 119.0 836000
1695675388690 120.0 840000
1695675415074 121.0 844000
1695675440291 122.0 848000
1695675465724 123.0 852000
1695675490901 124.0 856000
1695675516108 125.0 860000
1695675541840 126.0 864000
1695675568574 127.0 868000
1695675595583 128.0 872000
1695675622736 129.0 876000
1695675647733 130.0 880000
1695675672186 131.0 884000
1695675696673 132.0 888000
1695675721270 133.0 892000
1695675745695 134.0 896000
1695675769844 135.0 900000
1695675793526 136.0 904000
1695675817530 137.0 908000
1695675841487 138.0 912000
1695675865670 139.0 916000
