1695672410714 163.38334196367109 364000
1695672434617 168.17541268629333 368000
1695672460126 157.51819047851086 372000
1695672484825 162.7309472759101 376000
1695672510127 158.85454404925255 380000
1695672535463 158.6432664384037 384000
1695672561397 154.9870346335627 388000
1695672587142 156.1114365419833 392000
1695672613116 154.70549844866787 396000
1695672638742 156.85823094952468 400000
1695672664275 157.51177966773207 404000
1695672689729 157.91242406615729 408000
1695672716136 152.15415523276815 412000
1695672740982 161.8185622048847 416000
1695672764759 169.12315977228252 420000
1695672788708 167.87649524179278 424000
1695672812666 167.79643343206027 428000
1695672836706 167.2159979187622 432000
1695672860522 168.80919879861156 436000
1695672884313 168.97362499394822 440000
1695672908364 167.2246714424376 444000
1695672932451 166.92807815711387 448000
1695672956258 168.90353159277382 452000
1695672980184 168.07213683053652 456000
1695673004160 167.7114383966141 460000
1695673027691 170.84986658158738 464000
1695673052102 164.67563880997062 468000
1695673078151 154.3090758211157 472000
1695673103061 161.39505561833658 476000
1695673127931 161.63775036945606 480000
1695673152838 161.53837006830847 484000
1695673177661 161.96041302897163 488000
1695673202387 162.6182241901754 492000
1695673229092 150.59038038306443 496000
1695673257683 140.6044158805669 500000
1695673285259 145.75206104852077 504000
1695673312372 148.25619485885207 508000
1695673340388 143.43599078406768 512000
1695673365679 158.93926153262294 516000
1695673391324 156.7382012837139 520000
1695673415900 163.66564494262207 524000
1695673440077 166.32067778179152 528000
1695673464131 167.16176713568638 532000
1695673488140 167.49676516864503 536000
1695673512045 168.25291241169217 540000
1695673536186 166.59906931333708 544000
1695673560643 164.4269866793902 548000
1695673585579 161.2638974297536 552000
1695673610153 163.61821582801196 556000
1695673635000 161.84439538444286 560000
1695673659656 163.14919222448955 564000
1695673684204 163.78897589520452 568000
1695673708589 164.91735158863094 572000
1695673732829 165.94497801442807 576000
1695673757719 161.56834434506086 580000
1695673782336 163.36726554762228 584000
1695673807482 159.93011781560827 588000
1695673832016 163.96486148372693 592000
1695673856173 166.5002958748681 596000
1695673880491 165.35584154444567 600000
1695673904880 164.95884139640202 604000
1695673929364 164.26212478649967 608000
1695673953718 165.1349271406266 612000
1695673978510 162.2000419450463 616000
1695674003054 163.84041280104006 620000
1695674027363 165.4308649434068 624000
1695674051527 166.4430523078232 628000
1695674076365 161.89320574314857 632000
1695674101534 159.78422084037894 636000
1695674127658 153.93522721719614 640000
1695674152623 161.15123879301552 644000
1695674178815 153.4909000472662 648000
1695674203200 164.98756423597527 652000
1695674227495 165.55519057636897 656000
1695674253870 152.42190122528388 660000
1695674280037 153.6956348198424 664000
1695674307963 144.02932229955474 668000
1695674339454 127.64612363791805 672000
1695674364657 159.57666473808112 676000
1695674389654 160.94467137443675 680000
1695674415976 152.83862223891478 684000
1695674441512 157.5239880162378 688000
1695674466220 162.81069141152878 692000
1695674490532 165.47802070950937 696000
1695674514861 165.38299426526547 700000
1695674539922 160.5134404572549 704000
1695674564740 162.08338021295882 708000
1695674590969 153.37462056336918 712000
1695674616392 158.21705247981785 716000
1695674640659 165.78707038175784 720000
1695674664572 168.35150635530545 724000
1695674689452 161.7054641854285 728000
1695674715295 155.66076699512425 732000
1695674741282 154.81544629843174 736000
1695674765338 167.28336636764206 740000
1695674789540 166.27979221369043 744000
1695674813964 164.7712876395577 748000
1695674838216 165.9135975394985 752000
1695674862698 164.37411796521118 756000
1695674887027 165.443289266476 760000
1695674912654 157.10039313452873 764000
1695674937757 160.2742776604292 768000
1695674961980 166.15067890945474 772000
1695674986043 167.24235628437387 776000
1695675010402 165.20897578252922 780000
1695675034607 166.2696592362221 784000
1695675058893 165.69418753715468 788000
1695675083972 160.4207921755362 792000
1695675109873 155.33301884442 796000
1695675135565 156.71870802898735 800000
1695675164963 136.8939667190467 804000
1695675190833 155.56974234265857 808000
1695675216708 155.46468618369383 812000
1695675241454 162.63354339903645 816000
1695675266146 162.99107277609744 820000
1695675290860 162.85681401095326 824000
1695675315088 166.10123637547076 828000
1695675339935 161.99594823194857 832000
1695675364412 164.44351573220573 836000
1695675388687 165.82713702783042 840000
1695675415072 152.5538556960946 844000
1695675440289 159.5985166785009 848000
1695675465722 158.21780746646786 852000
1695675490899 159.8542542813105 856000
1695675516106 159.6395817217059 860000
1695675541838 156.3853938612425 864000
1695675568572 150.48767802807546 868000
1695675595580 148.95573095690045 872000
1695675622733 148.1739751153063 876000
1695675647730 161.04959247979792 880000
1695675672184 164.7073110618576 884000
1695675696670 164.4196918099036 888000
1695675721268 163.65324511759553 892000
1695675745693 164.79868092028715 896000
1695675769842 166.67177957748706 900000
1695675793523 169.99316489761014 904000
1695675817528 167.701103365493 908000
1695675841484 168.05620860378212 912000
1695675865667 166.4849813665644 916000
