1695672410712 10.0 364000
1695672434615 10.0 368000
1695672460124 10.0 372000
1695672484822 10.0 376000
1695672510125 10.0 380000
1695672535460 10.0 384000
1695672561395 10.0 388000
1695672587140 10.0 392000
1695672613114 10.0 396000
1695672638740 10.0 400000
1695672664273 10.0 404000
1695672689727 10.0 408000
1695672716134 10.0 412000
1695672740980 10.0 416000
1695672764757 10.0 420000
1695672788706 10.0 424000
1695672812664 10.0 428000
1695672836704 10.0 432000
1695672860520 10.0 436000
1695672884311 10.0 440000
1695672908362 10.0 444000
1695672932449 10.0 448000
1695672956256 10.0 452000
1695672980182 10.0 456000
1695673004157 10.0 460000
1695673027689 10.0 464000
1695673052100 10.0 468000
1695673078149 10.0 472000
1695673103059 10.0 476000
1695673127929 10.0 480000
1695673152835 10.0 484000
1695673177659 10.0 488000
1695673202384 10.0 492000
1695673229090 10.0 496000
1695673257680 10.0 500000
1695673285257 10.0 504000
1695673312370 10.0 508000
1695673340386 10.0 512000
1695673365677 10.0 516000
1695673391322 10.0 520000
1695673415898 10.0 524000
1695673440075 10.0 528000
1695673464129 10.0 532000
1695673488138 10.0 536000
1695673512043 10.0 540000
1695673536184 10.0 544000
1695673560641 10.0 548000
1695673585577 10.0 552000
1695673610151 10.0 556000
1695673634997 10.0 560000
1695673659654 10.0 564000
1695673684202 10.0 568000
1695673708586 10.0 572000
1695673732827 10.0 576000
1695673757716 10.0 580000
1695673782334 10.0 584000
1695673807480 10.0 588000
1695673832014 10.0 592000
1695673856171 10.0 596000
1695673880489 10.0 600000
1695673904878 10.0 604000
1695673929362 10.0 608000
1695673953716 10.0 612000
1695673978508 10.0 616000
1695674003052 10.0 620000
1695674027360 10.0 624000
1695674051525 10.0 628000
1695674076363 10.0 632000
1695674101531 10.0 636000
1695674127656 10.0 640000
1695674152621 10.0 644000
1695674178813 10.0 648000
1695674203198 10.0 652000
1695674227493 10.0 656000
1695674253868 10.0 660000
1695674280035 10.0 664000
1695674307961 10.0 668000
1695674339452 10.0 672000
1695674364655 10.0 676000
1695674389652 10.0 680000
1695674415974 10.0 684000
1695674441509 10.0 688000
1695674466217 10.0 692000
1695674490530 10.0 696000
1695674514859 10.0 700000
1695674539920 10.0 704000
1695674564738 10.0 708000
1695674590967 10.0 712000
1695674616390 10.0 716000
1695674640657 10.0 720000
1695674664570 10.0 724000
1695674689450 10.0 728000
1695674715293 10.0 732000
1695674741280 10.0 736000
1695674765336 10.0 740000
1695674789538 10.0 744000
1695674813962 10.0 748000
1695674838215 10.0 752000
1695674862696 10.0 756000
1695674887025 10.0 760000
1695674912652 10.0 764000
1695674937755 10.0 768000
1695674961978 10.0 772000
1695674986041 10.0 776000
1695675010400 10.0 780000
1695675034605 10.0 784000
1695675058892 10.0 788000
1695675083970 10.0 792000
1695675109871 10.0 796000
1695675135563 10.0 800000
1695675164961 10.0 804000
1695675190831 10.0 808000
1695675216706 10.0 812000
1695675241452 10.0 816000
1695675266144 10.0 820000
1695675290857 10.0 824000
1695675315086 10.0 828000
1695675339933 10.0 832000
1695675364410 10.0 836000
1695675388685 10.0 840000
1695675415070 10.0 844000
1695675440287 10.0 848000
1695675465719 10.0 852000
1695675490897 10.0 856000
1695675516104 10.0 860000
1695675541836 10.0 864000
1695675568570 10.0 868000
1695675595578 10.0 872000
1695675622731 10.0 876000
1695675647728 10.0 880000
1695675672182 10.0 884000
1695675696668 10.0 888000
1695675721266 10.0 892000
1695675745691 10.0 896000
1695675769840 10.0 900000
1695675793521 10.0 904000
1695675817526 10.0 908000
1695675841482 10.0 912000
1695675865665 10.0 916000
