1695672410714 4000.0 364000
1695672434618 4000.0 368000
1695672460126 4000.0 372000
1695672484825 4000.0 376000
1695672510127 4000.0 380000
1695672535464 4000.0 384000
1695672561398 4000.0 388000
1695672587142 4000.0 392000
1695672613117 4000.0 396000
1695672638743 4000.0 400000
1695672664275 4000.0 404000
1695672689730 4000.0 408000
1695672716136 4000.0 412000
1695672740983 4000.0 416000
1695672764759 4000.0 420000
1695672788709 4000.0 424000
1695672812667 4000.0 428000
1695672836706 4000.0 432000
1695672860522 4000.0 436000
1695672884314 4000.0 440000
1695672908364 4000.0 444000
1695672932451 4000.0 448000
1695672956259 4000.0 452000
1695672980184 4000.0 456000
1695673004160 4000.0 460000
1695673027691 4000.0 464000
1695673052102 4000.0 468000
1695673078152 4000.0 472000
1695673103061 4000.0 476000
1695673127932 4000.0 480000
1695673152838 4000.0 484000
1695673177662 4000.0 488000
1695673202387 4000.0 492000
1695673229092 4000.0 496000
1695673257683 4000.0 500000
1695673285260 4000.0 504000
1695673312372 4000.0 508000
1695673340389 4000.0 512000
1695673365679 4000.0 516000
1695673391324 4000.0 520000
1695673415900 4000.0 524000
1695673440077 4000.0 528000
1695673464132 4000.0 532000
1695673488140 4000.0 536000
1695673512046 4000.0 540000
1695673536187 4000.0 544000
1695673560643 4000.0 548000
1695673585579 4000.0 552000
1695673610154 4000.0 556000
1695673635000 4000.0 560000
1695673659656 4000.0 564000
1695673684205 4000.0 568000
1695673708589 4000.0 572000
1695673732829 4000.0 576000
1695673757719 4000.0 580000
1695673782337 4000.0 584000
1695673807483 4000.0 588000
1695673832016 4000.0 592000
1695673856174 4000.0 596000
1695673880491 4000.0 600000
1695673904880 4000.0 604000
1695673929364 4000.0 608000
1695673953719 4000.0 612000
1695673978510 4000.0 616000
1695674003054 4000.0 620000
1695674027363 4000.0 624000
1695674051527 4000.0 628000
1695674076365 4000.0 632000
1695674101534 4000.0 636000
1695674127658 4000.0 640000
1695674152623 4000.0 644000
1695674178816 4000.0 648000
1695674203200 4000.0 652000
1695674227495 4000.0 656000
1695674253871 4000.0 660000
1695674280038 4000.0 664000
1695674307964 4000.0 668000
1695674339454 4000.0 672000
1695674364658 4000.0 676000
1695674389654 4000.0 680000
1695674415976 4000.0 684000
1695674441513 4000.0 688000
1695674466220 4000.0 692000
1695674490532 4000.0 696000
1695674514862 4000.0 700000
1695674539923 4000.0 704000
1695674564740 4000.0 708000
1695674590970 4000.0 712000
1695674616392 4000.0 716000
1695674640659 4000.0 720000
1695674664572 4000.0 724000
1695674689452 4000.0 728000
1695674715296 4000.0 732000
1695674741282 4000.0 736000
1695674765338 4000.0 740000
1695674789541 4000.0 744000
1695674813965 4000.0 748000
1695674838217 4000.0 752000
1695674862698 4000.0 756000
1695674887027 4000.0 760000
1695674912655 4000.0 764000
1695674937757 4000.0 768000
1695674961980 4000.0 772000
1695674986044 4000.0 776000
1695675010402 4000.0 780000
1695675034607 4000.0 784000
1695675058894 4000.0 788000
1695675083973 4000.0 792000
1695675109873 4000.0 796000
1695675135566 4000.0 800000
1695675164963 4000.0 804000
1695675190833 4000.0 808000
1695675216708 4000.0 812000
1695675241455 4000.0 816000
1695675266147 4000.0 820000
1695675290860 4000.0 824000
1695675315089 4000.0 828000
1695675339936 4000.0 832000
1695675364413 4000.0 836000
1695675388688 4000.0 840000
1695675415072 4000.0 844000
1695675440289 4000.0 848000
1695675465722 4000.0 852000
1695675490900 4000.0 856000
1695675516106 4000.0 860000
1695675541838 4000.0 864000
1695675568572 4000.0 868000
1695675595581 4000.0 872000
1695675622734 4000.0 876000
1695675647731 4000.0 880000
1695675672184 4000.0 884000
1695675696671 4000.0 888000
1695675721268 4000.0 892000
1695675745693 4000.0 896000
1695675769842 4000.0 900000
1695675793524 4000.0 904000
1695675817528 4000.0 908000
1695675841485 4000.0 912000
1695675865668 4000.0 916000
