1695672410712 0.0 364000
1695672434616 0.0 368000
1695672460124 0.0 372000
1695672484823 0.0 376000
1695672510125 0.0 380000
1695672535461 0.0 384000
1695672561395 0.0 388000
1695672587140 0.0 392000
1695672613114 0.0 396000
1695672638741 0.0 400000
1695672664273 0.0 404000
1695672689727 0.0 408000
1695672716134 0.0 412000
1695672740980 0.0 416000
1695672764757 0.0 420000
1695672788706 0.0 424000
1695672812665 0.0 428000
1695672836704 0.0 432000
1695672860520 0.0 436000
1695672884311 0.0 440000
1695672908362 0.0 444000
1695672932449 0.0 448000
1695672956257 0.0 452000
1695672980182 0.0 456000
1695673004158 0.0 460000
1695673027689 0.0 464000
1695673052100 0.0 468000
1695673078149 0.0 472000
1695673103059 0.0 476000
1695673127929 0.0 480000
1695673152836 0.0 484000
1695673177660 0.0 488000
1695673202385 0.0 492000
1695673229090 0.0 496000
1695673257681 0.0 500000
1695673285257 0.0 504000
1695673312370 0.0 508000
1695673340386 0.0 512000
1695673365677 0.0 516000
1695673391322 0.0 520000
1695673415898 0.0 524000
1695673440075 0.0 528000
1695673464130 0.0 532000
1695673488138 0.0 536000
1695673512044 0.0 540000
1695673536184 0.0 544000
1695673560641 0.0 548000
1695673585577 0.0 552000
1695673610151 0.0 556000
1695673634998 0.0 560000
1695673659654 0.0 564000
1695673684203 0.0 568000
1695673708587 0.0 572000
1695673732827 0.0 576000
1695673757717 0.0 580000
1695673782335 0.0 584000
1695673807481 0.0 588000
1695673832014 0.0 592000
1695673856171 0.0 596000
1695673880489 0.0 600000
1695673904878 0.0 604000
1695673929362 0.0 608000
1695673953716 0.0 612000
1695673978508 0.0 616000
1695674003052 0.0 620000
1695674027361 0.0 624000
1695674051525 0.0 628000
1695674076363 0.0 632000
1695674101532 0.0 636000
1695674127656 0.0 640000
1695674152621 0.0 644000
1695674178814 0.0 648000
1695674203198 0.0 652000
1695674227493 0.0 656000
1695674253868 0.0 660000
1695674280035 0.0 664000
1695674307961 0.0 668000
1695674339452 0.0 672000
1695674364656 0.0 676000
1695674389652 0.0 680000
1695674415974 0.0 684000
1695674441509 0.0 688000
1695674466218 0.0 692000
1695674490530 0.0 696000
1695674514860 0.0 700000
1695674539920 0.0 704000
1695674564738 0.0 708000
1695674590967 0.0 712000
1695674616390 0.0 716000
1695674640657 0.0 720000
1695674664570 0.0 724000
1695674689450 0.0 728000
1695674715293 0.0 732000
1695674741280 0.0 736000
1695674765336 0.0 740000
1695674789538 0.0 744000
1695674813962 0.0 748000
1695674838215 0.0 752000
1695674862696 0.0 756000
1695674887025 0.0 760000
1695674912653 0.0 764000
1695674937755 0.0 768000
1695674961978 0.0 772000
1695674986041 0.0 776000
1695675010400 0.0 780000
1695675034605 0.0 784000
1695675058892 0.0 788000
1695675083970 0.0 792000
1695675109871 0.0 796000
1695675135563 0.0 800000
1695675164961 0.0 804000
1695675190831 0.0 808000
1695675216706 0.0 812000
1695675241452 0.0 816000
1695675266144 0.0 820000
1695675290858 0.0 824000
1695675315086 0.0 828000
1695675339934 0.0 832000
1695675364410 0.0 836000
1695675388685 0.0 840000
1695675415070 0.0 844000
1695675440287 0.0 848000
1695675465720 0.0 852000
1695675490897 0.0 856000
1695675516104 0.0 860000
1695675541836 0.0 864000
1695675568570 0.0 868000
1695675595579 0.0 872000
1695675622731 0.0 876000
1695675647728 0.0 880000
1695675672182 0.0 884000
1695675696669 0.0 888000
1695675721266 0.0 892000
1695675745691 0.0 896000
1695675769840 0.0 900000
1695675793522 0.0 904000
1695675817526 0.0 908000
1695675841482 0.0 912000
1695675865666 0.0 916000
