1695672410713 364000.0 364000
1695672434617 368000.0 368000
1695672460125 372000.0 372000
1695672484824 376000.0 376000
1695672510126 380000.0 380000
1695672535462 384000.0 384000
1695672561397 388000.0 388000
1695672587141 392000.0 392000
1695672613115 396000.0 396000
1695672638742 400000.0 400000
1695672664274 404000.0 404000
1695672689729 408000.0 408000
1695672716135 412000.0 412000
1695672740982 416000.0 416000
1695672764758 420000.0 420000
1695672788707 424000.0 424000
1695672812666 428000.0 428000
1695672836705 432000.0 432000
1695672860521 436000.0 436000
1695672884312 440000.0 440000
1695672908363 444000.0 444000
1695672932450 448000.0 448000
1695672956258 452000.0 452000
1695672980183 456000.0 456000
1695673004159 460000.0 460000
1695673027690 464000.0 464000
1695673052101 468000.0 468000
1695673078150 472000.0 472000
1695673103060 476000.0 476000
1695673127930 480000.0 480000
1695673152837 484000.0 484000
1695673177661 488000.0 488000
1695673202386 492000.0 492000
1695673229091 496000.0 496000
1695673257682 500000.0 500000
1695673285258 504000.0 504000
1695673312371 508000.0 508000
1695673340387 512000.0 512000
1695673365678 516000.0 516000
1695673391323 520000.0 520000
1695673415899 524000.0 524000
1695673440076 528000.0 528000
1695673464131 532000.0 532000
1695673488139 536000.0 536000
1695673512045 540000.0 540000
1695673536186 544000.0 544000
1695673560642 548000.0 548000
1695673585578 552000.0 552000
1695673610152 556000.0 556000
1695673634999 560000.0 560000
1695673659655 564000.0 564000
1695673684204 568000.0 568000
1695673708588 572000.0 572000
1695673732828 576000.0 576000
1695673757718 580000.0 580000
1695673782336 584000.0 584000
1695673807482 588000.0 588000
1695673832015 592000.0 592000
1695673856172 596000.0 596000
1695673880490 600000.0 600000
1695673904879 604000.0 604000
1695673929363 608000.0 608000
1695673953717 612000.0 612000
1695673978509 616000.0 616000
1695674003053 620000.0 620000
1695674027362 624000.0 624000
1695674051526 628000.0 628000
1695674076364 632000.0 632000
1695674101533 636000.0 636000
1695674127657 640000.0 640000
1695674152622 644000.0 644000
1695674178815 648000.0 648000
1695674203199 652000.0 652000
1695674227494 656000.0 656000
1695674253869 660000.0 660000
1695674280037 664000.0 664000
1695674307963 668000.0 668000
1695674339453 672000.0 672000
1695674364657 676000.0 676000
1695674389653 680000.0 680000
1695674415975 684000.0 684000
1695674441511 688000.0 688000
1695674466219 692000.0 692000
1695674490531 696000.0 696000
1695674514861 700000.0 700000
1695674539921 704000.0 704000
1695674564739 708000.0 708000
1695674590968 712000.0 712000
1695674616391 716000.0 716000
1695674640658 720000.0 720000
1695674664571 724000.0 724000
1695674689451 728000.0 728000
1695674715295 732000.0 732000
1695674741281 736000.0 736000
1695674765337 740000.0 740000
1695674789539 744000.0 744000
1695674813963 748000.0 748000
1695674838216 752000.0 752000
1695674862697 756000.0 756000
1695674887026 760000.0 760000
1695674912654 764000.0 764000
1695674937756 768000.0 768000
1695674961979 772000.0 772000
1695674986042 776000.0 776000
1695675010401 780000.0 780000
1695675034606 784000.0 784000
1695675058893 788000.0 788000
1695675083972 792000.0 792000
1695675109872 796000.0 796000
1695675135564 800000.0 800000
1695675164962 804000.0 804000
1695675190832 808000.0 808000
1695675216707 812000.0 812000
1695675241453 816000.0 816000
1695675266145 820000.0 820000
1695675290859 824000.0 824000
1695675315087 828000.0 828000
1695675339935 832000.0 832000
1695675364412 836000.0 836000
1695675388686 840000.0 840000
1695675415071 844000.0 844000
1695675440288 848000.0 848000
1695675465721 852000.0 852000
1695675490898 856000.0 856000
1695675516105 860000.0 860000
1695675541837 864000.0 864000
1695675568571 868000.0 868000
1695675595580 872000.0 872000
1695675622732 876000.0 876000
1695675647729 880000.0 880000
1695675672183 884000.0 884000
1695675696670 888000.0 888000
1695675721267 892000.0 892000
1695675745692 896000.0 896000
1695675769841 900000.0 900000
1695675793523 904000.0 904000
1695675817527 908000.0 908000
1695675841483 912000.0 912000
1695675865667 916000.0 916000
