1695672410713 4000.0 364000
1695672434617 4000.0 368000
1695672460125 4000.0 372000
1695672484824 4000.0 376000
1695672510126 4000.0 380000
1695672535462 4000.0 384000
1695672561397 4000.0 388000
1695672587141 4000.0 392000
1695672613115 4000.0 396000
1695672638742 4000.0 400000
1695672664274 4000.0 404000
1695672689729 4000.0 408000
1695672716135 4000.0 412000
1695672740982 4000.0 416000
1695672764758 4000.0 420000
1695672788708 4000.0 424000
1695672812666 4000.0 428000
1695672836705 4000.0 432000
1695672860521 4000.0 436000
1695672884313 4000.0 440000
1695672908363 4000.0 444000
1695672932450 4000.0 448000
1695672956258 4000.0 452000
1695672980183 4000.0 456000
1695673004159 4000.0 460000
1695673027691 4000.0 464000
1695673052101 4000.0 468000
1695673078151 4000.0 472000
1695673103060 4000.0 476000
1695673127931 4000.0 480000
1695673152837 4000.0 484000
1695673177661 4000.0 488000
1695673202386 4000.0 492000
1695673229091 4000.0 496000
1695673257682 4000.0 500000
1695673285259 4000.0 504000
1695673312371 4000.0 508000
1695673340387 4000.0 512000
1695673365678 4000.0 516000
1695673391323 4000.0 520000
1695673415899 4000.0 524000
1695673440076 4000.0 528000
1695673464131 4000.0 532000
1695673488139 4000.0 536000
1695673512045 4000.0 540000
1695673536186 4000.0 544000
1695673560642 4000.0 548000
1695673585578 4000.0 552000
1695673610153 4000.0 556000
1695673634999 4000.0 560000
1695673659655 4000.0 564000
1695673684204 4000.0 568000
1695673708588 4000.0 572000
1695673732828 4000.0 576000
1695673757718 4000.0 580000
1695673782336 4000.0 584000
1695673807482 4000.0 588000
1695673832015 4000.0 592000
1695673856173 4000.0 596000
1695673880490 4000.0 600000
1695673904879 4000.0 604000
1695673929363 4000.0 608000
1695673953717 4000.0 612000
1695673978509 4000.0 616000
1695674003053 4000.0 620000
1695674027362 4000.0 624000
1695674051526 4000.0 628000
1695674076364 4000.0 632000
1695674101533 4000.0 636000
1695674127657 4000.0 640000
1695674152622 4000.0 644000
1695674178815 4000.0 648000
1695674203199 4000.0 652000
1695674227494 4000.0 656000
1695674253870 4000.0 660000
1695674280037 4000.0 664000
1695674307963 4000.0 668000
1695674339453 4000.0 672000
1695674364657 4000.0 676000
1695674389653 4000.0 680000
1695674415975 4000.0 684000
1695674441511 4000.0 688000
1695674466219 4000.0 692000
1695674490531 4000.0 696000
1695674514861 4000.0 700000
1695674539922 4000.0 704000
1695674564739 4000.0 708000
1695674590969 4000.0 712000
1695674616391 4000.0 716000
1695674640658 4000.0 720000
1695674664571 4000.0 724000
1695674689451 4000.0 728000
1695674715295 4000.0 732000
1695674741281 4000.0 736000
1695674765337 4000.0 740000
1695674789540 4000.0 744000
1695674813964 4000.0 748000
1695674838216 4000.0 752000
1695674862697 4000.0 756000
1695674887026 4000.0 760000
1695674912654 4000.0 764000
1695674937756 4000.0 768000
1695674961979 4000.0 772000
1695674986043 4000.0 776000
1695675010401 4000.0 780000
1695675034606 4000.0 784000
1695675058893 4000.0 788000
1695675083972 4000.0 792000
1695675109872 4000.0 796000
1695675135564 4000.0 800000
1695675164962 4000.0 804000
1695675190832 4000.0 808000
1695675216707 4000.0 812000
1695675241454 4000.0 816000
1695675266146 4000.0 820000
1695675290859 4000.0 824000
1695675315088 4000.0 828000
1695675339935 4000.0 832000
1695675364412 4000.0 836000
1695675388687 4000.0 840000
1695675415071 4000.0 844000
1695675440288 4000.0 848000
1695675465721 4000.0 852000
1695675490899 4000.0 856000
1695675516105 4000.0 860000
1695675541837 4000.0 864000
1695675568571 4000.0 868000
1695675595580 4000.0 872000
1695675622733 4000.0 876000
1695675647730 4000.0 880000
1695675672183 4000.0 884000
1695675696670 4000.0 888000
1695675721267 4000.0 892000
1695675745692 4000.0 896000
1695675769841 4000.0 900000
1695675793523 4000.0 904000
1695675817527 4000.0 908000
1695675841484 4000.0 912000
1695675865667 4000.0 916000
