1695672410716 1824987.0 364000
1695672434620 1824987.0 368000
1695672460128 1824987.0 372000
1695672484827 1824987.0 376000
1695672510129 1824987.0 380000
1695672535466 1824987.0 384000
1695672561399 1824987.0 388000
1695672587144 1824987.0 392000
1695672613118 1824987.0 396000
1695672638745 1824987.0 400000
1695672664277 1824987.0 404000
1695672689731 1824987.0 408000
1695672716138 1824987.0 412000
1695672740985 1824987.0 416000
1695672764761 1824987.0 420000
1695672788711 1824987.0 424000
1695672812669 1824987.0 428000
1695672836708 1824987.0 432000
1695672860524 1824987.0 436000
1695672884315 1824987.0 440000
1695672908366 1824987.0 444000
1695672932453 1824987.0 448000
1695672956260 1824987.0 452000
1695672980186 1824987.0 456000
1695673004162 1824987.0 460000
1695673027693 1824987.0 464000
1695673052104 1824987.0 468000
1695673078153 1824987.0 472000
1695673103063 1824987.0 476000
1695673127933 1824987.0 480000
1695673152840 1824987.0 484000
1695673177663 1824987.0 488000
1695673202389 1824987.0 492000
1695673229094 1824987.0 496000
1695673257685 1824987.0 500000
1695673285261 1824987.0 504000
1695673312374 1824987.0 508000
1695673340390 1824987.0 512000
1695673365681 1824987.0 516000
1695673391326 1824987.0 520000
1695673415902 1824987.0 524000
1695673440079 1824987.0 528000
1695673464133 1824987.0 532000
1695673488142 1824987.0 536000
1695673512048 1824987.0 540000
1695673536189 1824987.0 544000
1695673560645 1824987.0 548000
1695673585581 1824987.0 552000
1695673610155 1824987.0 556000
1695673635002 1824987.0 560000
1695673659658 1824987.0 564000
1695673684206 1824987.0 568000
1695673708591 1824987.0 572000
1695673732831 1824987.0 576000
1695673757721 1824987.0 580000
1695673782338 1824987.0 584000
1695673807484 1824987.0 588000
1695673832018 1824987.0 592000
1695673856175 1824987.0 596000
1695673880493 1824987.0 600000
1695673904882 1824987.0 604000
1695673929366 1824987.0 608000
1695673953720 1824987.0 612000
1695673978512 1824987.0 616000
1695674003056 1824987.0 620000
1695674027365 1824987.0 624000
1695674051529 1824987.0 628000
1695674076367 1824987.0 632000
1695674101536 1824987.0 636000
1695674127660 1824987.0 640000
1695674152625 1824987.0 644000
1695674178817 1824987.0 648000
1695674203202 1824987.0 652000
1695674227497 1824987.0 656000
1695674253872 1824987.0 660000
1695674280040 1824987.0 664000
1695674307966 1824987.0 668000
1695674339456 1824987.0 672000
1695674364660 1824987.0 676000
1695674389656 1824987.0 680000
1695674415978 1824987.0 684000
1695674441514 1824987.0 688000
1695674466222 1824987.0 692000
1695674490534 1824987.0 696000
1695674514864 1824987.0 700000
1695674539924 1824987.0 704000
1695674564742 1824987.0 708000
1695674590971 1824987.0 712000
1695674616394 1824987.0 716000
1695674640661 1824987.0 720000
1695674664574 1824987.0 724000
1695674689454 1824987.0 728000
1695674715297 1824987.0 732000
1695674741284 1824987.0 736000
1695674765340 1824987.0 740000
1695674789542 1824987.0 744000
1695674813966 1824987.0 748000
1695674838219 1824987.0 752000
1695674862700 1824987.0 756000
1695674887029 1824987.0 760000
1695674912656 1824987.0 764000
1695674937759 1824987.0 768000
1695674961982 1824987.0 772000
1695674986045 1824987.0 776000
1695675010404 1824987.0 780000
1695675034609 1824987.0 784000
1695675058895 1824987.0 788000
1695675083974 1824987.0 792000
1695675109875 1824987.0 796000
1695675135568 1824987.0 800000
1695675164965 1824987.0 804000
1695675190835 1824987.0 808000
1695675216710 1824987.0 812000
1695675241456 1824987.0 816000
1695675266148 1824987.0 820000
1695675290862 1824987.0 824000
1695675315090 1824987.0 828000
1695675339937 1824987.0 832000
1695675364414 1824987.0 836000
1695675388689 1824987.0 840000
1695675415074 1824987.0 844000
1695675440291 1824987.0 848000
1695675465724 1824987.0 852000
1695675490901 1824987.0 856000
1695675516108 1824987.0 860000
1695675541840 1824987.0 864000
1695675568574 1824987.0 868000
1695675595582 1824987.0 872000
1695675622735 1824987.0 876000
1695675647732 1824987.0 880000
1695675672186 1824987.0 884000
1695675696673 1824987.0 888000
1695675721270 1824987.0 892000
1695675745695 1824987.0 896000
1695675769844 1824987.0 900000
1695675793525 1824987.0 904000
1695675817530 1824987.0 908000
1695675841486 1824987.0 912000
1695675865669 1824987.0 916000
