1695672410715 1695672410.0 364000
1695672434619 1695672434.0 368000
1695672460128 1695672460.0 372000
1695672484826 1695672484.0 376000
1695672510128 1695672510.0 380000
1695672535465 1695672535.0 384000
1695672561399 1695672561.0 388000
1695672587143 1695672587.0 392000
1695672613118 1695672613.0 396000
1695672638744 1695672638.0 400000
1695672664276 1695672664.0 404000
1695672689731 1695672689.0 408000
1695672716137 1695672716.0 412000
1695672740984 1695672740.0 416000
1695672764760 1695672764.0 420000
1695672788710 1695672788.0 424000
1695672812668 1695672812.0 428000
1695672836707 1695672836.0 432000
1695672860523 1695672860.0 436000
1695672884315 1695672884.0 440000
1695672908365 1695672908.0 444000
1695672932452 1695672932.0 448000
1695672956260 1695672956.0 452000
1695672980185 1695672980.0 456000
1695673004161 1695673004.0 460000
1695673027692 1695673027.0 464000
1695673052103 1695673052.0 468000
1695673078153 1695673078.0 472000
1695673103062 1695673103.0 476000
1695673127933 1695673127.0 480000
1695673152839 1695673152.0 484000
1695673177663 1695673177.0 488000
1695673202388 1695673202.0 492000
1695673229093 1695673229.0 496000
1695673257684 1695673257.0 500000
1695673285261 1695673285.0 504000
1695673312373 1695673312.0 508000
1695673340390 1695673340.0 512000
1695673365680 1695673365.0 516000
1695673391325 1695673391.0 520000
1695673415901 1695673415.0 524000
1695673440078 1695673440.0 528000
1695673464133 1695673464.0 532000
1695673488141 1695673488.0 536000
1695673512047 1695673512.0 540000
1695673536188 1695673536.0 544000
1695673560644 1695673560.0 548000
1695673585580 1695673585.0 552000
1695673610155 1695673610.0 556000
1695673635002 1695673634.0 560000
1695673659657 1695673659.0 564000
1695673684206 1695673684.0 568000
1695673708590 1695673708.0 572000
1695673732830 1695673732.0 576000
1695673757720 1695673757.0 580000
1695673782338 1695673782.0 584000
1695673807484 1695673807.0 588000
1695673832017 1695673831.0 592000
1695673856175 1695673856.0 596000
1695673880492 1695673880.0 600000
1695673904881 1695673904.0 604000
1695673929365 1695673929.0 608000
1695673953720 1695673953.0 612000
1695673978511 1695673978.0 616000
1695674003055 1695674003.0 620000
1695674027364 1695674027.0 624000
1695674051528 1695674051.0 628000
1695674076366 1695674076.0 632000
1695674101535 1695674101.0 636000
1695674127659 1695674127.0 640000
1695674152625 1695674152.0 644000
1695674178817 1695674178.0 648000
1695674203201 1695674203.0 652000
1695674227496 1695674227.0 656000
1695674253872 1695674253.0 660000
1695674280039 1695674279.0 664000
1695674307965 1695674307.0 668000
1695674339455 1695674339.0 672000
1695674364659 1695674364.0 676000
1695674389655 1695674389.0 680000
1695674415977 1695674415.0 684000
1695674441514 1695674441.0 688000
1695674466221 1695674466.0 692000
1695674490533 1695674490.0 696000
1695674514863 1695674514.0 700000
1695674539924 1695674539.0 704000
1695674564741 1695674564.0 708000
1695674590971 1695674590.0 712000
1695674616393 1695674616.0 716000
1695674640660 1695674640.0 720000
1695674664573 1695674664.0 724000
1695674689453 1695674689.0 728000
1695674715297 1695674715.0 732000
1695674741283 1695674741.0 736000
1695674765339 1695674765.0 740000
1695674789542 1695674789.0 744000
1695674813966 1695674813.0 748000
1695674838218 1695674838.0 752000
1695674862699 1695674862.0 756000
1695674887028 1695674886.0 760000
1695674912656 1695674912.0 764000
1695674937758 1695674937.0 768000
1695674961981 1695674961.0 772000
1695674986045 1695674985.0 776000
1695675010403 1695675010.0 780000
1695675034608 1695675034.0 784000
1695675058895 1695675058.0 788000
1695675083974 1695675083.0 792000
1695675109874 1695675109.0 796000
1695675135567 1695675135.0 800000
1695675164964 1695675164.0 804000
1695675190834 1695675190.0 808000
1695675216709 1695675216.0 812000
1695675241456 1695675241.0 816000
1695675266147 1695675266.0 820000
1695675290861 1695675290.0 824000
1695675315090 1695675315.0 828000
1695675339937 1695675339.0 832000
1695675364414 1695675364.0 836000
1695675388689 1695675388.0 840000
1695675415073 1695675415.0 844000
1695675440290 1695675440.0 848000
1695675465723 1695675465.0 852000
1695675490901 1695675490.0 856000
1695675516107 1695675516.0 860000
1695675541839 1695675541.0 864000
1695675568573 1695675568.0 868000
1695675595582 1695675595.0 872000
1695675622735 1695675622.0 876000
1695675647732 1695675647.0 880000
1695675672185 1695675672.0 884000
1695675696672 1695675696.0 888000
1695675721269 1695675721.0 892000
1695675745694 1695675745.0 896000
1695675769843 1695675769.0 900000
1695675793525 1695675793.0 904000
1695675817529 1695675817.0 908000
1695675841486 1695675841.0 912000
1695675865669 1695675865.0 916000
