1695672410716 24.486257553100586 364000
1695672434620 48.27454233169556 368000
1695672460128 73.6719343662262 372000
1695672484827 98.25802946090698 376000
1695672510129 123.44249320030212 380000
1695672535466 148.66069865226746 384000
1695672561400 174.47381615638733 388000
1695672587144 200.10186505317688 392000
1695672613118 225.96243357658386 396000
1695672638745 251.46936893463135 400000
1695672664277 276.8705506324768 404000
1695672689732 302.20703768730164 408000
1695672716138 328.50181794166565 412000
1695672740985 353.2265453338623 416000
1695672764761 376.88349771499634 420000
1695672788712 400.7162928581238 424000
1695672812669 424.5604736804962 428000
1695672836708 448.4869728088379 432000
1695672860524 472.18825006484985 436000
1695672884315 495.86633372306824 440000
1695672908366 519.7918014526367 444000
1695672932453 543.7601833343506 448000
1695672956260 567.448878288269 452000
1695672980186 591.2539730072021 456000
1695673004162 615.1103219985962 460000
1695673027693 638.5281624794006 464000
1695673052104 662.8235836029053 468000
1695673078154 688.7521059513092 472000
1695673103063 713.5414795875549 476000
1695673127933 738.2936551570892 480000
1695673152840 763.060797214508 484000
1695673177664 787.7641398906708 488000
1695673202389 812.3703019618988 492000
1695673229094 838.9400019645691 496000
1695673257685 867.3952839374542 500000
1695673285262 894.8456614017487 504000
1695673312374 921.8328444957733 508000
1695673340390 949.7259454727173 512000
1695673365681 974.8989069461823 516000
1695673391326 1000.4250912666321 520000
1695673415902 1024.871681690216 524000
1695673440079 1048.9287507534027 528000
1695673464134 1072.8644399642944 532000
1695673488142 1096.7522444725037 536000
1695673512048 1120.5329718589783 540000
1695673536189 1144.5501325130463 544000
1695673560645 1168.884556055069 548000
1695673585581 1193.6965086460114 552000
1695673610156 1218.1504445075989 556000
1695673635002 1242.873230457306 560000
1695673659658 1267.3973512649536 564000
1695673684207 1291.825760602951 568000
1695673708591 1316.088376045227 572000
1695673732831 1340.1993567943573 576000
1695673757721 1364.964545249939 580000
1695673782339 1389.4566974639893 584000
1695673807485 1414.475712776184 588000
1695673832018 1438.8788290023804 592000
1695673856175 1462.9099202156067 596000
1695673880493 1487.1064839363098 600000
1695673904882 1511.3612957000732 604000
1695673929366 1535.7184252738953 608000
1695673953720 1559.9473598003387 612000
1695673978512 1584.6146342754364 616000
1695674003056 1609.0353128910065 620000
1695674027365 1633.2201364040375 624000
1695674051529 1657.2584505081177 628000
1695674076367 1681.9724791049957 632000
1695674101536 1707.014340877533 636000
1695674127660 1733.0063784122467 640000
1695674152625 1757.833994626999 644000
1695674178817 1783.9002931118011 648000
1695674203202 1808.1511569023132 652000
1695674227497 1832.3185312747955 656000
1695674253872 1858.5684294700623 660000
1695674280040 1884.6009249687195 664000
1695674307966 1912.381187915802 668000
1695674339456 1943.7250101566315 672000
1695674364660 1968.7981071472168 676000
1695674389656 1993.6579022407532 680000
1695674415978 2019.8360993862152 684000
1695674441515 2045.236135482788 688000
1695674466222 2069.8121149539948 692000
1695674490534 2093.992427110672 696000
1695674514864 2118.1866903305054 700000
1695674539924 2143.1136853694916 704000
1695674564742 2167.7984941005707 708000
1695674590972 2193.887453556061 712000
1695674616394 2219.175845861435 716000
1695674640661 2243.311808824539 720000
1695674664574 2267.0794966220856 724000
1695674689454 2291.8237822055817 728000
1695674715298 2317.528890132904 732000
1695674741284 2343.374846458435 736000
1695674765340 2367.296359062195 740000
1695674789542 2391.3609302043915 744000
1695674813967 2415.646880865097 748000
1695674838219 2439.764080286026 752000
1695674862700 2464.108966588974 756000
1695674887029 2488.297093629837 760000
1695674912657 2513.7685961723328 764000
1695674937759 2538.7361958026886 768000
1695674961982 2562.820590019226 772000
1695674986045 2586.7479918003082 776000
1695675010404 2610.9698095321655 780000
1695675034609 2635.0364108085632 784000
1695675058896 2659.1862013339996 788000
1695675083975 2684.1307253837585 792000
1695675109875 2709.8915054798126 796000
1695675135568 2735.424304008484 800000
1695675164965 2764.6540966033936 804000
1695675190835 2790.3761088848114 808000
1695675216710 2816.114958047867 812000
1695675241456 2840.720281600952 816000
1695675266148 2865.270928621292 820000
1695675290862 2889.8426611423492 824000
1695675315090 2913.934003353119 828000
1695675339938 2938.635138988495 832000
1695675364415 2962.9697682857513 836000
1695675388690 2987.100511789322 840000
1695675415074 3013.3321764469147 844000
1695675440291 3038.4049191474915 848000
1695675465724 3063.696558713913 852000
1695675490901 3088.7292568683624 856000
1695675516108 3113.7957973480225 860000
1695675541840 3139.3825805187225 864000
1695675568574 3165.972977399826 868000
1695675595583 3192.837782382965 872000
1695675622735 3219.8434274196625 876000
1695675647733 3244.6915056705475 880000
1695675672186 3268.9888310432434 884000
1695675696673 3293.3282923698425 888000
1695675721270 3317.7806355953217 892000
1695675745695 3342.0591089725494 896000
1695675769844 3366.0642290115356 900000
1695675793526 3389.6006031036377 904000
1695675817530 3413.459608078003 908000
1695675841487 3437.268393754959 912000
1695675865670 3461.3040764331818 916000
