1695672410715 24.486257553100586 364000
1695672434619 23.78828477859497 368000
1695672460128 25.39739203453064 372000
1695672484826 24.586095094680786 376000
1695672510128 25.18446373939514 380000
1695672535465 25.218205451965332 384000
1695672561399 25.813117504119873 388000
1695672587144 25.62804889678955 392000
1695672613118 25.860568523406982 396000
1695672638744 25.506935358047485 400000
1695672664276 25.40118169784546 404000
1695672689731 25.33648705482483 408000
1695672716138 26.294780254364014 412000
1695672740984 24.724727392196655 416000
1695672764760 23.656952381134033 420000
1695672788711 23.83279514312744 424000
1695672812668 23.844180822372437 428000
1695672836707 23.926499128341675 432000
1695672860524 23.701277256011963 436000
1695672884315 23.678083658218384 440000
1695672908365 23.92546772956848 444000
1695672932452 23.968381881713867 448000
1695672956260 23.688694953918457 452000
1695672980185 23.805094718933105 456000
1695673004161 23.856348991394043 460000
1695673027693 23.417840480804443 464000
1695673052103 24.29542112350464 468000
1695673078153 25.92852234840393 472000
1695673103062 24.789373636245728 476000
1695673127933 24.7521755695343 480000
1695673152839 24.767142057418823 484000
1695673177663 24.70334267616272 488000
1695673202388 24.606162071228027 492000
1695673229093 26.569700002670288 496000
1695673257684 28.455281972885132 500000
1695673285261 27.450377464294434 504000
1695673312374 26.987183094024658 508000
1695673340390 27.89310097694397 512000
1695673365680 25.172961473464966 516000
1695673391326 25.52618432044983 520000
1695673415901 24.446590423583984 524000
1695673440078 24.057069063186646 528000
1695673464133 23.935689210891724 532000
1695673488141 23.88780450820923 536000
1695673512047 23.78072738647461 540000
1695673536188 24.017160654067993 544000
1695673560645 24.334423542022705 548000
1695673585581 24.811952590942383 552000
1695673610155 24.453935861587524 556000
1695673635002 24.72278594970703 560000
1695673659657 24.524120807647705 564000
1695673684206 24.428409337997437 568000
1695673708590 24.262615442276 572000
1695673732831 24.11098074913025 576000
1695673757720 24.765188455581665 580000
1695673782338 24.492152214050293 584000
1695673807484 25.019015312194824 588000
1695673832018 24.40311622619629 592000
1695673856175 24.03109121322632 596000
1695673880492 24.196563720703125 600000
1695673904881 24.254811763763428 604000
1695673929365 24.35712957382202 608000
1695673953720 24.22893452644348 612000
1695673978511 24.667274475097656 616000
1695674003055 24.42067861557007 620000
1695674027364 24.184823513031006 624000
1695674051529 24.0383141040802 628000
1695674076367 24.71402859687805 632000
1695674101535 25.04186177253723 636000
1695674127660 25.992037534713745 640000
1695674152625 24.827616214752197 644000
1695674178817 26.066298484802246 648000
1695674203201 24.250863790512085 652000
1695674227496 24.1673743724823 656000
1695674253872 26.249898195266724 660000
1695674280039 26.032495498657227 664000
1695674307965 27.78026294708252 668000
1695674339456 31.343822240829468 672000
1695674364659 25.073096990585327 676000
1695674389655 24.859795093536377 680000
1695674415977 26.178197145462036 684000
1695674441514 25.400036096572876 688000
1695674466221 24.575979471206665 692000
1695674490534 24.180312156677246 696000
1695674514863 24.194263219833374 700000
1695674539924 24.926995038986206 704000
1695674564742 24.6848087310791 708000
1695674590971 26.088959455490112 712000
1695674616393 25.288392305374146 716000
1695674640660 24.135962963104248 720000
1695674664574 23.767687797546387 724000
1695674689454 24.744285583496094 728000
1695674715297 25.705107927322388 732000
1695674741283 25.845956325531006 736000
1695674765340 23.921512603759766 740000
1695674789542 24.064571142196655 744000
1695674813966 24.285950660705566 748000
1695674838218 24.117199420928955 752000
1695674862699 24.344886302947998 756000
1695674887029 24.188127040863037 760000
1695674912656 25.471502542495728 764000
1695674937759 24.967599630355835 768000
1695674961981 24.084394216537476 772000
1695674986045 23.927401781082153 776000
1695675010403 24.2218177318573 780000
1695675034609 24.066601276397705 784000
1695675058895 24.1497905254364 788000
1695675083974 24.94452404975891 792000
1695675109874 25.760780096054077 796000
1695675135568 25.532798528671265 800000
1695675164964 29.229792594909668 804000
1695675190834 25.722012281417847 808000
1695675216709 25.73884916305542 812000
1695675241456 24.605323553085327 816000
1695675266148 24.550647020339966 820000
1695675290861 24.57173252105713 824000
1695675315090 24.091342210769653 828000
1695675339937 24.701135635375977 832000
1695675364414 24.33462929725647 836000
1695675388689 24.130743503570557 840000
1695675415074 26.231664657592773 844000
1695675440290 25.072742700576782 848000
1695675465723 25.29163956642151 852000
1695675490901 25.032698154449463 856000
1695675516107 25.066540479660034 860000
1695675541839 25.586783170700073 864000
1695675568573 26.590396881103516 868000
1695675595582 26.864804983139038 872000
1695675622735 27.005645036697388 876000
1695675647732 24.84807825088501 880000
1695675672185 24.297325372695923 884000
1695675696672 24.33946132659912 888000
1695675721269 24.452343225479126 892000
1695675745694 24.278473377227783 896000
1695675769844 24.005120038986206 900000
1695675793525 23.53637409210205 904000
1695675817529 23.859004974365234 908000
1695675841486 23.808785676956177 912000
1695675865669 24.035682678222656 916000
