1695672410716 2305.7352254390717 364000
1695672434619 2329.5235102176666 368000
1695672460128 2354.9209022521973 372000
1695672484827 2379.506997346878 376000
1695672510129 2404.691461086273 380000
1695672535466 2429.9096665382385 384000
1695672561399 2455.7227840423584 388000
1695672587144 2481.350832939148 392000
1695672613118 2507.211401462555 396000
1695672638744 2532.7183368206024 400000
1695672664277 2558.119518518448 404000
1695672689731 2583.4560055732727 408000
1695672716138 2609.7507858276367 412000
1695672740984 2634.4755132198334 416000
1695672764761 2658.1324656009674 420000
1695672788711 2681.965260744095 424000
1695672812668 2705.8094415664673 428000
1695672836707 2729.735940694809 432000
1695672860524 2753.437217950821 436000
1695672884315 2777.1153016090393 440000
1695672908366 2801.040769338608 444000
1695672932453 2825.0091512203217 448000
1695672956260 2848.69784617424 452000
1695672980186 2872.502940893173 456000
1695673004161 2896.3592898845673 460000
1695673027693 2919.7771303653717 464000
1695673052103 2944.0725514888763 468000
1695673078153 2970.0010738372803 472000
1695673103063 2994.790447473526 476000
1695673127933 3019.5426230430603 480000
1695673152840 3044.309765100479 484000
1695673177663 3069.013107776642 488000
1695673202389 3093.61926984787 492000
1695673229094 3120.18896985054 496000
1695673257684 3148.6442518234253 500000
1695673285261 3176.0946292877197 504000
1695673312374 3203.0818123817444 508000
1695673340390 3230.9749133586884 512000
1695673365680 3256.1478748321533 516000
1695673391326 3281.674059152603 520000
1695673415902 3306.120649576187 524000
1695673440079 3330.177718639374 528000
1695673464133 3354.1134078502655 532000
1695673488142 3378.0012123584747 536000
1695673512047 3401.7819397449493 540000
1695673536188 3425.7991003990173 544000
1695673560645 3450.13352394104 548000
1695673585581 3474.9454765319824 552000
1695673610155 3499.39941239357 556000
1695673635002 3524.122198343277 560000
1695673659658 3548.6463191509247 564000
1695673684206 3573.074728488922 568000
1695673708590 3597.337343931198 572000
1695673732831 3621.4483246803284 576000
1695673757720 3646.21351313591 580000
1695673782338 3670.7056653499603 584000
1695673807484 3695.724680662155 588000
1695673832018 3720.1277968883514 592000
1695673856175 3744.1588881015778 596000
1695673880492 3768.355451822281 600000
1695673904882 3792.6102635860443 604000
1695673929366 3816.9673931598663 608000
1695673953720 3841.19632768631 612000
1695673978512 3865.8636021614075 616000
1695674003055 3890.2842807769775 620000
1695674027364 3914.4691042900085 624000
1695674051529 3938.5074183940887 628000
1695674076367 3963.221446990967 632000
1695674101535 3988.263308763504 636000
1695674127660 4014.255346298218 640000
1695674152625 4039.08296251297 644000
1695674178817 4065.149260997772 648000
1695674203201 4089.4001247882843 652000
1695674227496 4113.567499160767 656000
1695674253872 4139.817397356033 660000
1695674280039 4165.849892854691 664000
1695674307966 4193.630155801773 668000
1695674339456 4224.9739780426025 672000
1695674364659 4250.047075033188 676000
1695674389656 4274.906870126724 680000
1695674415978 4301.085067272186 684000
1695674441514 4326.485103368759 688000
1695674466222 4351.061082839966 692000
1695674490534 4375.241394996643 696000
1695674514863 4399.435658216476 700000
1695674539924 4424.362653255463 704000
1695674564742 4449.047461986542 708000
1695674590971 4475.136421442032 712000
1695674616393 4500.424813747406 716000
1695674640661 4524.56077671051 720000
1695674664574 4548.328464508057 724000
1695674689454 4573.072750091553 728000
1695674715297 4598.777858018875 732000
1695674741283 4624.623814344406 736000
1695674765340 4648.545326948166 740000
1695674789542 4672.609898090363 744000
1695674813966 4696.895848751068 748000
1695674838218 4721.013048171997 752000
1695674862700 4745.357934474945 756000
1695674887029 4769.546061515808 760000
1695674912656 4795.017564058304 764000
1695674937759 4819.98516368866 768000
1695674961982 4844.069557905197 772000
1695674986045 4867.996959686279 776000
1695675010404 4892.218777418137 780000
1695675034609 4916.285378694534 784000
1695675058895 4940.435169219971 788000
1695675083974 4965.37969326973 792000
1695675109875 4991.140473365784 796000
1695675135568 5016.673271894455 800000
1695675164965 5045.903064489365 804000
1695675190834 5071.6250767707825 808000
1695675216710 5097.363925933838 812000
1695675241456 5121.969249486923 816000
1695675266148 5146.519896507263 820000
1695675290861 5171.09162902832 824000
1695675315090 5195.18297123909 828000
1695675339937 5219.884106874466 832000
1695675364414 5244.218736171722 836000
1695675388689 5268.349479675293 840000
1695675415074 5294.581144332886 844000
1695675440290 5319.6538870334625 848000
1695675465723 5344.945526599884 852000
1695675490901 5369.9782247543335 856000
1695675516107 5395.0447652339935 860000
1695675541840 5420.631548404694 864000
1695675568573 5447.221945285797 868000
1695675595582 5474.086750268936 872000
1695675622735 5501.0923953056335 876000
1695675647732 5525.940473556519 880000
1695675672186 5550.2377989292145 884000
1695675696672 5574.577260255814 888000
1695675721270 5599.029603481293 892000
1695675745695 5623.3080768585205 896000
1695675769844 5647.313196897507 900000
1695675793525 5670.849570989609 904000
1695675817529 5694.708575963974 908000
1695675841486 5718.51736164093 912000
1695675865669 5742.553044319153 916000
