1695672410714 364000.0 364000
1695672434618 368000.0 368000
1695672460126 372000.0 372000
1695672484825 376000.0 376000
1695672510127 380000.0 380000
1695672535463 384000.0 384000
1695672561398 388000.0 388000
1695672587142 392000.0 392000
1695672613116 396000.0 396000
1695672638743 400000.0 400000
1695672664275 404000.0 404000
1695672689730 408000.0 408000
1695672716136 412000.0 412000
1695672740983 416000.0 416000
1695672764759 420000.0 420000
1695672788708 424000.0 424000
1695672812667 428000.0 428000
1695672836706 432000.0 432000
1695672860522 436000.0 436000
1695672884313 440000.0 440000
1695672908364 444000.0 444000
1695672932451 448000.0 448000
1695672956259 452000.0 452000
1695672980184 456000.0 456000
1695673004160 460000.0 460000
1695673027691 464000.0 464000
1695673052102 468000.0 468000
1695673078152 472000.0 472000
1695673103061 476000.0 476000
1695673127931 480000.0 480000
1695673152838 484000.0 484000
1695673177662 488000.0 488000
1695673202387 492000.0 492000
1695673229092 496000.0 496000
1695673257683 500000.0 500000
1695673285259 504000.0 504000
1695673312372 508000.0 508000
1695673340388 512000.0 512000
1695673365679 516000.0 516000
1695673391324 520000.0 520000
1695673415900 524000.0 524000
1695673440077 528000.0 528000
1695673464132 532000.0 532000
1695673488140 536000.0 536000
1695673512046 540000.0 540000
1695673536187 544000.0 544000
1695673560643 548000.0 548000
1695673585579 552000.0 552000
1695673610153 556000.0 556000
1695673635000 560000.0 560000
1695673659656 564000.0 564000
1695673684205 568000.0 568000
1695673708589 572000.0 572000
1695673732829 576000.0 576000
1695673757719 580000.0 580000
1695673782337 584000.0 584000
1695673807483 588000.0 588000
1695673832016 592000.0 592000
1695673856173 596000.0 596000
1695673880491 600000.0 600000
1695673904880 604000.0 604000
1695673929364 608000.0 608000
1695673953718 612000.0 612000
1695673978510 616000.0 616000
1695674003054 620000.0 620000
1695674027363 624000.0 624000
1695674051527 628000.0 628000
1695674076365 632000.0 632000
1695674101534 636000.0 636000
1695674127658 640000.0 640000
1695674152623 644000.0 644000
1695674178815 648000.0 648000
1695674203200 652000.0 652000
1695674227495 656000.0 656000
1695674253870 660000.0 660000
1695674280038 664000.0 664000
1695674307964 668000.0 668000
1695674339454 672000.0 672000
1695674364658 676000.0 676000
1695674389654 680000.0 680000
1695674415976 684000.0 684000
1695674441512 688000.0 688000
1695674466220 692000.0 692000
1695674490532 696000.0 696000
1695674514862 700000.0 700000
1695674539922 704000.0 704000
1695674564740 708000.0 708000
1695674590969 712000.0 712000
1695674616392 716000.0 716000
1695674640659 720000.0 720000
1695674664572 724000.0 724000
1695674689452 728000.0 728000
1695674715296 732000.0 732000
1695674741282 736000.0 736000
1695674765338 740000.0 740000
1695674789540 744000.0 744000
1695674813965 748000.0 748000
1695674838217 752000.0 752000
1695674862698 756000.0 756000
1695674887027 760000.0 760000
1695674912655 764000.0 764000
1695674937757 768000.0 768000
1695674961980 772000.0 772000
1695674986043 776000.0 776000
1695675010402 780000.0 780000
1695675034607 784000.0 784000
1695675058894 788000.0 788000
1695675083973 792000.0 792000
1695675109873 796000.0 796000
1695675135566 800000.0 800000
1695675164963 804000.0 804000
1695675190833 808000.0 808000
1695675216708 812000.0 812000
1695675241454 816000.0 816000
1695675266146 820000.0 820000
1695675290860 824000.0 824000
1695675315088 828000.0 828000
1695675339936 832000.0 832000
1695675364413 836000.0 836000
1695675388687 840000.0 840000
1695675415072 844000.0 844000
1695675440289 848000.0 848000
1695675465722 852000.0 852000
1695675490899 856000.0 856000
1695675516106 860000.0 860000
1695675541838 864000.0 864000
1695675568572 868000.0 868000
1695675595581 872000.0 872000
1695675622733 876000.0 876000
1695675647731 880000.0 880000
1695675672184 884000.0 884000
1695675696671 888000.0 888000
1695675721268 892000.0 892000
1695675745693 896000.0 896000
1695675769842 900000.0 900000
1695675793524 904000.0 904000
1695675817528 908000.0 908000
1695675841485 912000.0 912000
1695675865668 916000.0 916000
