1695672410715 91.0 364000
1695672434619 92.0 368000
1695672460127 93.0 372000
1695672484826 94.0 376000
1695672510128 95.0 380000
1695672535465 96.0 384000
1695672561399 97.0 388000
1695672587143 98.0 392000
1695672613117 99.0 396000
1695672638744 100.0 400000
1695672664276 101.0 404000
1695672689731 102.0 408000
1695672716137 103.0 412000
1695672740984 104.0 416000
1695672764760 105.0 420000
1695672788710 106.0 424000
1695672812668 107.0 428000
1695672836707 108.0 432000
1695672860523 109.0 436000
1695672884314 110.0 440000
1695672908365 111.0 444000
1695672932452 112.0 448000
1695672956260 113.0 452000
1695672980185 114.0 456000
1695673004161 115.0 460000
1695673027692 116.0 464000
1695673052103 117.0 468000
1695673078153 118.0 472000
1695673103062 119.0 476000
1695673127932 120.0 480000
1695673152839 121.0 484000
1695673177663 122.0 488000
1695673202388 123.0 492000
1695673229093 124.0 496000
1695673257684 125.0 500000
1695673285260 126.0 504000
1695673312373 127.0 508000
1695673340389 128.0 512000
1695673365680 129.0 516000
1695673391325 130.0 520000
1695673415901 131.0 524000
1695673440078 132.0 528000
1695673464133 133.0 532000
1695673488141 134.0 536000
1695673512047 135.0 540000
1695673536188 136.0 544000
1695673560644 137.0 548000
1695673585580 138.0 552000
1695673610155 139.0 556000
1695673635001 140.0 560000
1695673659657 141.0 564000
1695673684206 142.0 568000
1695673708590 143.0 572000
1695673732830 144.0 576000
1695673757720 145.0 580000
1695673782338 146.0 584000
1695673807484 147.0 588000
1695673832017 148.0 592000
1695673856174 149.0 596000
1695673880492 150.0 600000
1695673904881 151.0 604000
1695673929365 152.0 608000
1695673953719 153.0 612000
1695673978511 154.0 616000
1695674003055 155.0 620000
1695674027364 156.0 624000
1695674051528 157.0 628000
1695674076366 158.0 632000
1695674101535 159.0 636000
1695674127659 160.0 640000
1695674152624 161.0 644000
1695674178816 162.0 648000
1695674203201 163.0 652000
1695674227496 164.0 656000
1695674253871 165.0 660000
1695674280039 166.0 664000
1695674307965 167.0 668000
1695674339455 168.0 672000
1695674364659 169.0 676000
1695674389655 170.0 680000
1695674415977 171.0 684000
1695674441514 172.0 688000
1695674466221 173.0 692000
1695674490533 174.0 696000
1695674514863 175.0 700000
1695674539923 176.0 704000
1695674564741 177.0 708000
1695674590971 178.0 712000
1695674616393 179.0 716000
1695674640660 180.0 720000
1695674664573 181.0 724000
1695674689453 182.0 728000
1695674715297 183.0 732000
1695674741283 184.0 736000
1695674765339 185.0 740000
1695674789541 186.0 744000
1695674813966 187.0 748000
1695674838218 188.0 752000
1695674862699 189.0 756000
1695674887028 190.0 760000
1695674912656 191.0 764000
1695674937758 192.0 768000
1695674961981 193.0 772000
1695674986044 194.0 776000
1695675010403 195.0 780000
1695675034608 196.0 784000
1695675058895 197.0 788000
1695675083974 198.0 792000
1695675109874 199.0 796000
1695675135567 200.0 800000
1695675164964 201.0 804000
1695675190834 202.0 808000
1695675216709 203.0 812000
1695675241455 204.0 816000
1695675266147 205.0 820000
1695675290861 206.0 824000
1695675315089 207.0 828000
1695675339937 208.0 832000
1695675364414 209.0 836000
1695675388689 210.0 840000
1695675415073 211.0 844000
1695675440290 212.0 848000
1695675465723 213.0 852000
1695675490900 214.0 856000
1695675516107 215.0 860000
1695675541839 216.0 864000
1695675568573 217.0 868000
1695675595582 218.0 872000
1695675622734 219.0 876000
1695675647732 220.0 880000
1695675672185 221.0 884000
1695675696672 222.0 888000
1695675721269 223.0 892000
1695675745694 224.0 896000
1695675769843 225.0 900000
1695675793525 226.0 904000
1695675817529 227.0 908000
1695675841486 228.0 912000
1695675865669 229.0 916000
