1695672410748 1.0 364000
1695672434653 1.0 368000
1695672460161 1.0 372000
1695672484860 0.8444444444444444 376000
1695672510161 0.8 380000
1695672535501 0.8076923076923077 384000
1695672561431 0.7666666666666667 388000
1695672587174 0.7662337662337663 392000
1695672613150 0.7816091954022989 396000
1695672638777 0.79 400000
1695672664309 0.79 404000
1695672689763 0.9 408000
1695672716171 0.91 412000
1695672741018 0.94 416000
1695672764792 0.92 420000
1695672788743 0.92 424000
1695672812699 0.91 428000
1695672836738 0.92 432000
1695672860555 0.89 436000
1695672884346 0.89 440000
1695672908398 0.87 444000
1695672932484 0.88 448000
1695672956292 0.88 452000
1695672980218 0.91 456000
1695673004193 0.9 460000
1695673027724 0.88 464000
1695673052135 0.88 468000
1695673078186 0.88 472000
1695673103094 0.87 476000
1695673127971 0.86 480000
1695673152871 0.86 484000
1695673177694 0.82 488000
1695673202422 0.84 492000
1695673229128 0.85 496000
1695673257717 0.87 500000
1695673285293 0.94 504000
1695673312407 0.97 508000
1695673340422 0.99 512000
1695673365711 0.99 516000
1695673391358 1.0 520000
1695673415934 0.99 524000
1695673440110 1.0 528000
1695673464165 1.0 532000
1695673488175 1.0 536000
1695673512079 1.0 540000
1695673536221 1.0 544000
1695673560677 1.0 548000
1695673585612 0.9910714285714286 552000
1695673610188 1.0 556000
1695673635034 1.0 560000
1695673659689 0.99 564000
1695673684237 0.99 568000
1695673708622 0.9920634920634921 572000
1695673732862 1.0 576000
1695673757752 1.0 580000
1695673782370 1.0 584000
1695673807517 0.992 588000
1695673832050 1.0 592000
1695673856206 1.0 596000
1695673880524 0.99 600000
1695673904913 0.99 604000
1695673929397 0.98 608000
1695673953753 0.98 612000
1695673978543 0.95 616000
1695674003086 0.99 620000
1695674027397 0.98 624000
1695674051560 0.97 628000
1695674076398 0.96 632000
1695674101568 0.98 636000
1695674127691 1.0 640000
1695674152656 1.0 644000
1695674178849 0.99 648000
1695674203233 0.97 652000
1695674227528 0.96 656000
1695674253904 0.99 660000
1695674280073 0.98 664000
1695674308003 1.0 668000
1695674339488 0.99 672000
1695674364691 0.98 676000
1695674389688 0.99 680000
1695674416009 0.99 684000
1695674441545 0.99 688000
1695674466254 0.9819819819819819 692000
1695674490566 1.0 696000
1695674514895 1.0 700000
1695674539956 1.0 704000
1695674564774 0.99 708000
1695674591004 0.9912280701754386 712000
1695674616425 0.99 716000
1695674640693 1.0 720000
1695674664604 1.0 724000
1695674689486 0.9921875 728000
1695674715330 1.0 732000
1695674741315 1.0 736000
1695674765372 1.0 740000
1695674789574 1.0 744000
1695674813998 1.0 748000
1695674838249 1.0 752000
1695674862731 0.9945945945945946 756000
1695674887061 1.0 760000
1695674912687 1.0 764000
1695674937790 1.0 768000
1695674962013 1.0 772000
1695674986076 1.0 776000
1695675010435 1.0 780000
1695675034640 1.0 784000
1695675058926 1.0 788000
1695675084006 1.0 792000
1695675109906 1.0 796000
1695675135610 1.0 800000
1695675164996 1.0 804000
1695675190865 1.0 808000
1695675216741 1.0 812000
1695675241487 1.0 816000
1695675266179 1.0 820000
1695675290893 1.0 824000
1695675315122 1.0 828000
1695675339970 1.0 832000
1695675364447 1.0 836000
1695675388721 1.0 840000
1695675415106 1.0 844000
1695675440322 1.0 848000
1695675465755 1.0 852000
1695675490932 1.0 856000
1695675516139 1.0 860000
1695675541871 1.0 864000
1695675568605 1.0 868000
1695675595614 0.9949748743718593 872000
1695675622767 1.0 876000
1695675647765 1.0 880000
1695675672217 1.0 884000
1695675696705 1.0 888000
1695675721302 1.0 892000
1695675745727 1.0 896000
1695675769876 1.0 900000
1695675793557 1.0 904000
1695675817561 0.95 908000
1695675841519 1.0 912000
1695675865701 1.0 916000
