1695672410749 1.0 364000
1695672434654 1.0 368000
1695672460162 1.0 372000
1695672484861 1.0 376000
1695672510161 1.0 380000
1695672535502 1.0 384000
1695672561432 1.0 388000
1695672587175 1.0 392000
1695672613150 1.0 396000
1695672638777 1.0 400000
1695672664309 1.0 404000
1695672689763 1.0 408000
1695672716171 1.0 412000
1695672741018 1.0 416000
1695672764793 1.0 420000
1695672788743 1.0 424000
1695672812700 1.0 428000
1695672836739 1.0 432000
1695672860555 1.0 436000
1695672884347 1.0 440000
1695672908398 1.0 444000
1695672932484 1.0 448000
1695672956293 1.0 452000
1695672980218 1.0 456000
1695673004193 1.0 460000
1695673027725 1.0 464000
1695673052135 1.0 468000
1695673078187 1.0 472000
1695673103095 1.0 476000
1695673127972 1.0 480000
1695673152871 1.0 484000
1695673177695 1.0 488000
1695673202422 1.0 492000
1695673229129 1.0 496000
1695673257717 1.0 500000
1695673285294 1.0 504000
1695673312407 1.0 508000
1695673340422 1.0 512000
1695673365711 1.0 516000
1695673391358 1.0 520000
1695673415934 1.0 524000
1695673440110 1.0 528000
1695673464165 1.0 532000
1695673488176 1.0 536000
1695673512080 1.0 540000
1695673536221 1.0 544000
1695673560677 1.0 548000
1695673585613 1.0 552000
1695673610188 1.0 556000
1695673635034 1.0 560000
1695673659690 1.0 564000
1695673684237 1.0 568000
1695673708623 1.0 572000
1695673732863 1.0 576000
1695673757753 1.0 580000
1695673782370 1.0 584000
1695673807517 1.0 588000
1695673832050 1.0 592000
1695673856206 1.0 596000
1695673880525 1.0 600000
1695673904913 1.0 604000
1695673929397 1.0 608000
1695673953753 1.0 612000
1695673978543 1.0 616000
1695674003086 1.0 620000
1695674027397 1.0 624000
1695674051561 1.0 628000
1695674076398 1.0 632000
1695674101569 1.0 636000
1695674127692 1.0 640000
1695674152656 1.0 644000
1695674178849 1.0 648000
1695674203233 1.0 652000
1695674227528 1.0 656000
1695674253904 1.0 660000
1695674280073 1.0 664000
1695674308004 1.0 668000
1695674339488 1.0 672000
1695674364692 1.0 676000
1695674389689 1.0 680000
1695674416010 1.0 684000
1695674441546 1.0 688000
1695674466255 1.0 692000
1695674490566 1.0 696000
1695674514895 1.0 700000
1695674539956 1.0 704000
1695674564774 1.0 708000
1695674591004 1.0 712000
1695674616425 1.0 716000
1695674640693 1.0 720000
1695674664605 1.0 724000
1695674689486 1.0 728000
1695674715331 1.0 732000
1695674741315 1.0 736000
1695674765372 1.0 740000
1695674789574 1.0 744000
1695674813999 1.0 748000
1695674838250 1.0 752000
1695674862731 1.0 756000
1695674887061 1.0 760000
1695674912688 1.0 764000
1695674937790 1.0 768000
1695674962014 1.0 772000
1695674986077 1.0 776000
1695675010436 1.0 780000
1695675034641 1.0 784000
1695675058926 1.0 788000
1695675084006 1.0 792000
1695675109906 1.0 796000
1695675135610 1.0 800000
1695675164996 1.0 804000
1695675190866 1.0 808000
1695675216741 1.0 812000
1695675241488 1.0 816000
1695675266180 1.0 820000
1695675290893 1.0 824000
1695675315122 1.0 828000
1695675339970 1.0 832000
1695675364448 1.0 836000
1695675388721 1.0 840000
1695675415106 1.0 844000
1695675440322 1.0 848000
1695675465755 1.0 852000
1695675490932 1.0 856000
1695675516139 1.0 860000
1695675541871 1.0 864000
1695675568605 1.0 868000
1695675595615 1.0 872000
1695675622767 1.0 876000
1695675647765 1.0 880000
1695675672218 1.0 884000
1695675696705 1.0 888000
1695675721302 1.0 892000
1695675745727 1.0 896000
1695675769876 1.0 900000
1695675793557 1.0 904000
1695675817562 1.0 908000
1695675841519 1.0 912000
1695675865701 1.0 916000
