1695672410750 0.0 364000
1695672434655 0.0 368000
1695672460163 0.0 372000
1695672484862 0.0 376000
1695672510163 0.0 380000
1695672535503 0.0 384000
1695672561433 0.0 388000
1695672587176 0.0 392000
1695672613151 0.0 396000
1695672638778 0.0 400000
1695672664311 0.0 404000
1695672689765 0.0 408000
1695672716173 0.0 412000
1695672741020 0.0 416000
1695672764794 0.0 420000
1695672788745 0.0 424000
1695672812701 0.0 428000
1695672836740 0.0 432000
1695672860556 0.0 436000
1695672884348 0.0 440000
1695672908399 0.0 444000
1695672932486 0.0 448000
1695672956294 0.0 452000
1695672980219 0.0 456000
1695673004195 0.0 460000
1695673027726 0.0 464000
1695673052136 0.0 468000
1695673078188 0.0 472000
1695673103096 0.0 476000
1695673127973 0.0 480000
1695673152872 0.0 484000
1695673177696 0.0 488000
1695673202424 0.0 492000
1695673229130 0.0 496000
1695673257718 0.0 500000
1695673285295 0.0 504000
1695673312409 0.0 508000
1695673340424 0.0 512000
1695673365713 0.0 516000
1695673391359 0.0 520000
1695673415936 0.0 524000
1695673440112 0.0 528000
1695673464166 0.0 532000
1695673488177 0.0 536000
1695673512081 0.0 540000
1695673536222 0.0 544000
1695673560678 0.0 548000
1695673585614 0.0 552000
1695673610190 0.0 556000
1695673635036 0.0 560000
1695673659691 0.0 564000
1695673684239 0.0 568000
1695673708624 0.0 572000
1695673732864 0.0 576000
1695673757754 0.0 580000
1695673782372 0.0 584000
1695673807518 0.0 588000
1695673832051 0.0 592000
1695673856208 0.0 596000
1695673880526 0.0 600000
1695673904915 0.0 604000
1695673929399 0.0 608000
1695673953755 0.0 612000
1695673978545 0.0 616000
1695674003088 0.0 620000
1695674027398 0.0 624000
1695674051562 0.0 628000
1695674076400 0.0 632000
1695674101570 0.0 636000
1695674127693 0.0 640000
1695674152658 0.0 644000
1695674178851 0.0 648000
1695674203235 0.0 652000
1695674227529 0.0 656000
1695674253905 0.0 660000
1695674280074 0.0 664000
1695674308005 0.0 668000
1695674339490 0.0 672000
1695674364693 0.0 676000
1695674389690 0.0 680000
1695674416011 0.0 684000
1695674441547 0.0 688000
1695674466256 0.0 692000
1695674490568 0.0 696000
1695674514897 0.0 700000
1695674539957 0.0 704000
1695674564776 0.0 708000
1695674591006 0.0 712000
1695674616426 0.0 716000
1695674640694 0.0 720000
1695674664606 0.0 724000
1695674689487 0.0 728000
1695674715332 0.0 732000
1695674741317 0.0 736000
1695674765373 0.0 740000
1695674789576 0.0 744000
1695674814000 0.0 748000
1695674838251 0.0 752000
1695674862733 0.0 756000
1695674887063 0.0 760000
1695674912689 0.0 764000
1695674937792 0.0 768000
1695674962015 0.0 772000
1695674986078 0.0 776000
1695675010437 0.0 780000
1695675034642 0.0 784000
1695675058928 0.0 788000
1695675084008 0.0 792000
1695675109908 0.0 796000
1695675135612 0.0 800000
1695675164998 0.0 804000
1695675190867 0.0 808000
1695675216743 0.0 812000
1695675241489 0.0 816000
1695675266181 0.0 820000
1695675290894 0.0 824000
1695675315124 0.0 828000
1695675339972 0.0 832000
1695675364449 0.0 836000
1695675388723 0.0 840000
1695675415107 0.0 844000
1695675440324 0.0 848000
1695675465757 0.0 852000
1695675490933 0.0 856000
1695675516141 0.0 860000
1695675541873 0.0 864000
1695675568606 0.0 868000
1695675595616 0.0 872000
1695675622769 0.0 876000
1695675647766 0.0 880000
1695675672219 0.0 884000
1695675696706 0.0 888000
1695675721304 0.0 892000
1695675745729 0.0 896000
1695675769878 0.0 900000
1695675793559 0.0 904000
1695675817563 0.0 908000
1695675841520 0.0 912000
1695675865703 0.0 916000
