1695672410750 0.0 364000
1695672434655 0.0 368000
1695672460162 0.0 372000
1695672484862 0.0 376000
1695672510162 0.0 380000
1695672535503 0.0 384000
1695672561432 0.0 388000
1695672587175 0.0 392000
1695672613151 0.0 396000
1695672638778 0.0 400000
1695672664310 0.0 404000
1695672689764 0.0 408000
1695672716172 0.0 412000
1695672741019 0.0 416000
1695672764793 0.0 420000
1695672788744 0.0 424000
1695672812700 0.0 428000
1695672836739 0.0 432000
1695672860556 0.0 436000
1695672884347 0.0 440000
1695672908399 0.0 444000
1695672932485 0.0 448000
1695672956293 0.0 452000
1695672980219 0.0 456000
1695673004194 0.0 460000
1695673027725 0.0 464000
1695673052136 0.0 468000
1695673078187 0.0 472000
1695673103096 0.0 476000
1695673127972 0.0 480000
1695673152872 0.0 484000
1695673177695 0.0 488000
1695673202423 0.0 492000
1695673229129 0.0 496000
1695673257718 0.0 500000
1695673285294 0.0 504000
1695673312408 0.0 508000
1695673340423 0.0 512000
1695673365712 0.0 516000
1695673391359 0.0 520000
1695673415935 0.0 524000
1695673440111 0.0 528000
1695673464166 0.0 532000
1695673488177 0.0 536000
1695673512080 0.0 540000
1695673536222 0.0 544000
1695673560678 0.0 548000
1695673585614 0.0 552000
1695673610189 0.0 556000
1695673635035 0.0 560000
1695673659690 0.0 564000
1695673684238 0.0 568000
1695673708624 0.0 572000
1695673732863 0.0 576000
1695673757753 0.0 580000
1695673782371 0.0 584000
1695673807518 0.0 588000
1695673832051 0.0 592000
1695673856207 0.0 596000
1695673880525 0.0 600000
1695673904914 0.0 604000
1695673929398 0.0 608000
1695673953754 0.0 612000
1695673978544 0.0 616000
1695674003087 0.0 620000
1695674027398 0.0 624000
1695674051561 0.0 628000
1695674076399 0.0 632000
1695674101569 0.0 636000
1695674127692 0.0 640000
1695674152657 0.0 644000
1695674178850 0.0 648000
1695674203234 0.0 652000
1695674227529 0.0 656000
1695674253905 0.0 660000
1695674280074 0.0 664000
1695674308005 0.0 668000
1695674339489 0.0 672000
1695674364692 0.0 676000
1695674389689 0.0 680000
1695674416010 0.0 684000
1695674441547 0.0 688000
1695674466255 0.0 692000
1695674490567 0.0 696000
1695674514896 0.0 700000
1695674539957 0.0 704000
1695674564775 0.0 708000
1695674591005 0.0 712000
1695674616426 0.0 716000
1695674640694 0.0 720000
1695674664605 0.0 724000
1695674689487 0.0 728000
1695674715332 0.0 732000
1695674741316 0.0 736000
1695674765373 0.0 740000
1695674789575 0.0 744000
1695674813999 0.0 748000
1695674838250 0.0 752000
1695674862732 0.0 756000
1695674887062 0.0 760000
1695674912689 0.0 764000
1695674937791 0.0 768000
1695674962014 0.0 772000
1695674986077 0.0 776000
1695675010436 0.0 780000
1695675034641 0.0 784000
1695675058927 0.0 788000
1695675084007 0.0 792000
1695675109907 0.0 796000
1695675135611 0.0 800000
1695675164997 0.0 804000
1695675190866 0.0 808000
1695675216742 0.0 812000
1695675241488 0.0 816000
1695675266180 0.0 820000
1695675290894 0.0 824000
1695675315123 0.0 828000
1695675339971 0.0 832000
1695675364449 0.0 836000
1695675388722 0.0 840000
1695675415107 0.0 844000
1695675440323 0.0 848000
1695675465756 0.0 852000
1695675490933 0.0 856000
1695675516140 0.0 860000
1695675541872 0.0 864000
1695675568606 0.0 868000
1695675595616 0.0 872000
1695675622768 0.0 876000
1695675647766 0.0 880000
1695675672218 0.0 884000
1695675696706 0.0 888000
1695675721303 0.0 892000
1695675745728 0.0 896000
1695675769877 0.0 900000
1695675793558 0.0 904000
1695675817562 0.0 908000
1695675841520 0.0 912000
1695675865702 0.0 916000
