1695672410721 0.0 364000
1695672434625 0.0 368000
1695672460133 0.0 372000
1695672484832 0.0 376000
1695672510134 0.0 380000
1695672535472 0.0 384000
1695672561404 0.0 388000
1695672587149 0.0 392000
1695672613123 0.0 396000
1695672638750 0.0 400000
1695672664282 0.0 404000
1695672689736 0.0 408000
1695672716143 0.0 412000
1695672740990 0.0 416000
1695672764766 0.0 420000
1695672788717 0.0 424000
1695672812673 0.0 428000
1695672836713 0.0 432000
1695672860529 0.0 436000
1695672884320 0.0 440000
1695672908371 0.0 444000
1695672932458 0.0 448000
1695672956265 0.0 452000
1695672980191 0.0 456000
1695673004166 0.0 460000
1695673027698 0.0 464000
1695673052109 0.0 468000
1695673078159 0.0 472000
1695673103068 0.0 476000
1695673127939 0.0 480000
1695673152844 0.0 484000
1695673177668 0.0 488000
1695673202394 0.0 492000
1695673229099 0.0 496000
1695673257690 0.0 500000
1695673285266 0.0 504000
1695673312379 0.0 508000
1695673340395 0.0 512000
1695673365685 0.0 516000
1695673391331 0.0 520000
1695673415907 0.0 524000
1695673440084 0.0 528000
1695673464138 0.0 532000
1695673488147 0.0 536000
1695673512053 0.0 540000
1695673536194 0.0 544000
1695673560650 0.0 548000
1695673585586 0.0 552000
1695673610161 0.0 556000
1695673635007 0.0 560000
1695673659663 0.0 564000
1695673684211 0.0 568000
1695673708596 0.0 572000
1695673732836 0.0 576000
1695673757726 0.0 580000
1695673782343 0.0 584000
1695673807489 0.0 588000
1695673832023 0.0 592000
1695673856180 0.0 596000
1695673880498 0.0 600000
1695673904887 0.0 604000
1695673929371 0.0 608000
1695673953725 0.0 612000
1695673978517 0.0 616000
1695674003060 0.0 620000
1695674027370 0.0 624000
1695674051534 0.0 628000
1695674076372 0.0 632000
1695674101541 0.0 636000
1695674127665 0.0 640000
1695674152630 0.0 644000
1695674178822 0.0 648000
1695674203207 0.0 652000
1695674227502 0.0 656000
1695674253877 0.0 660000
1695674280045 0.0 664000
1695674307972 0.0 668000
1695674339461 0.0 672000
1695674364665 0.0 676000
1695674389661 0.0 680000
1695674415983 0.0 684000
1695674441519 0.0 688000
1695674466227 0.0 692000
1695674490539 0.0 696000
1695674514869 0.0 700000
1695674539929 0.0 704000
1695674564747 0.0 708000
1695674590977 0.0 712000
1695674616398 0.0 716000
1695674640666 0.0 720000
1695674664579 0.0 724000
1695674689459 0.0 728000
1695674715303 0.0 732000
1695674741289 0.0 736000
1695674765345 0.0 740000
1695674789547 0.0 744000
1695674813972 0.0 748000
1695674838223 0.0 752000
1695674862705 0.0 756000
1695674887034 0.0 760000
1695674912661 0.0 764000
1695674937764 0.0 768000
1695674961987 0.0 772000
1695674986050 0.0 776000
1695675010409 0.0 780000
1695675034614 0.0 784000
1695675058900 0.0 788000
1695675083979 0.0 792000
1695675109880 0.0 796000
1695675135575 0.0 800000
1695675164970 0.0 804000
1695675190839 0.0 808000
1695675216715 0.0 812000
1695675241461 0.0 816000
1695675266153 0.0 820000
1695675290866 0.0 824000
1695675315095 0.0 828000
1695675339943 0.0 832000
1695675364419 0.0 836000
1695675388694 0.0 840000
1695675415079 0.0 844000
1695675440296 0.0 848000
1695675465728 0.0 852000
1695675490906 0.0 856000
1695675516113 0.0 860000
1695675541844 0.0 864000
1695675568578 0.0 868000
1695675595588 0.0 872000
1695675622740 0.0 876000
1695675647737 0.0 880000
1695675672191 0.0 884000
1695675696677 0.0 888000
1695675721275 0.0 892000
1695675745700 0.0 896000
1695675769849 0.0 900000
1695675793530 0.0 904000
1695675817535 0.0 908000
1695675841491 0.0 912000
1695675865675 0.0 916000
