1695672410720 0.0 364000
1695672434624 0.0 368000
1695672460132 0.0 372000
1695672484831 0.0 376000
1695672510133 0.0 380000
1695672535471 0.0 384000
1695672561403 0.0 388000
1695672587148 0.0 392000
1695672613122 0.0 396000
1695672638749 0.0 400000
1695672664281 0.0 404000
1695672689735 0.0 408000
1695672716142 0.0 412000
1695672740989 0.0 416000
1695672764765 0.0 420000
1695672788716 0.0 424000
1695672812672 0.0 428000
1695672836712 0.0 432000
1695672860528 0.0 436000
1695672884319 0.0 440000
1695672908370 0.0 444000
1695672932457 0.0 448000
1695672956264 0.0 452000
1695672980190 0.0 456000
1695673004165 0.0 460000
1695673027697 0.0 464000
1695673052108 0.0 468000
1695673078158 0.0 472000
1695673103067 0.0 476000
1695673127937 0.0 480000
1695673152843 0.0 484000
1695673177667 0.0 488000
1695673202393 0.0 492000
1695673229098 0.0 496000
1695673257689 0.0 500000
1695673285265 0.0 504000
1695673312378 0.0 508000
1695673340394 0.0 512000
1695673365684 0.0 516000
1695673391330 0.0 520000
1695673415906 0.0 524000
1695673440083 0.0 528000
1695673464137 0.0 532000
1695673488146 0.0 536000
1695673512052 0.0 540000
1695673536193 0.0 544000
1695673560649 0.0 548000
1695673585585 0.0 552000
1695673610160 0.0 556000
1695673635006 0.0 560000
1695673659662 0.0 564000
1695673684210 0.0 568000
1695673708595 0.0 572000
1695673732835 0.0 576000
1695673757725 0.0 580000
1695673782342 0.0 584000
1695673807488 0.0 588000
1695673832022 0.0 592000
1695673856179 0.0 596000
1695673880497 0.0 600000
1695673904886 0.0 604000
1695673929370 0.0 608000
1695673953724 0.0 612000
1695673978516 0.0 616000
1695674003059 0.0 620000
1695674027369 0.0 624000
1695674051533 0.0 628000
1695674076371 0.0 632000
1695674101540 0.0 636000
1695674127664 0.0 640000
1695674152629 0.0 644000
1695674178821 0.0 648000
1695674203206 0.0 652000
1695674227501 0.0 656000
1695674253876 0.0 660000
1695674280044 0.0 664000
1695674307971 0.0 668000
1695674339460 0.0 672000
1695674364664 0.0 676000
1695674389660 0.0 680000
1695674415982 0.0 684000
1695674441518 0.0 688000
1695674466226 0.0 692000
1695674490538 0.0 696000
1695674514868 0.0 700000
1695674539928 0.0 704000
1695674564746 0.0 708000
1695674590975 0.0 712000
1695674616397 0.0 716000
1695674640665 0.0 720000
1695674664578 0.0 724000
1695674689458 0.0 728000
1695674715302 0.0 732000
1695674741288 0.0 736000
1695674765344 0.0 740000
1695674789546 0.0 744000
1695674813971 0.0 748000
1695674838222 0.0 752000
1695674862704 0.0 756000
1695674887033 0.0 760000
1695674912660 0.0 764000
1695674937763 0.0 768000
1695674961986 0.0 772000
1695674986049 0.0 776000
1695675010408 0.0 780000
1695675034613 0.0 784000
1695675058899 0.0 788000
1695675083978 0.0 792000
1695675109879 0.0 796000
1695675135573 0.0 800000
1695675164969 0.0 804000
1695675190838 0.0 808000
1695675216714 0.0 812000
1695675241460 0.0 816000
1695675266152 0.0 820000
1695675290865 0.0 824000
1695675315094 0.0 828000
1695675339942 0.0 832000
1695675364418 0.0 836000
1695675388693 0.0 840000
1695675415078 0.0 844000
1695675440295 0.0 848000
1695675465727 0.0 852000
1695675490905 0.0 856000
1695675516112 0.0 860000
1695675541844 0.0 864000
1695675568577 0.0 868000
1695675595587 0.0 872000
1695675622739 0.0 876000
1695675647736 0.0 880000
1695675672190 0.0 884000
1695675696676 0.0 888000
1695675721274 0.0 892000
1695675745699 0.0 896000
1695675769848 0.0 900000
1695675793529 0.0 904000
1695675817534 0.0 908000
1695675841490 0.0 912000
1695675865674 0.0 916000
