1695672410773 0.9 364000
1695672434678 0.9 368000
1695672460185 0.9 372000
1695672484884 0.9 376000
1695672510184 0.9 380000
1695672535526 0.9 384000
1695672561454 0.9 388000
1695672587197 0.9 392000
1695672613172 0.9 396000
1695672638799 0.9 400000
1695672664331 0.9 404000
1695672689784 0.9 408000
1695672716194 0.9 412000
1695672741041 0.9 416000
1695672764815 0.9 420000
1695672788765 0.9 424000
1695672812721 0.9 428000
1695672836760 0.9 432000
1695672860576 0.9 436000
1695672884368 0.9 440000
1695672908420 0.9 444000
1695672932506 0.9 448000
1695672956314 0.9 452000
1695672980240 0.9 456000
1695673004215 0.9 460000
1695673027746 0.9 464000
1695673052158 0.9 468000
1695673078209 0.9 472000
1695673103117 0.9 476000
1695673127994 0.9 480000
1695673152893 0.9 484000
1695673177716 0.9 488000
1695673202445 0.9 492000
1695673229155 0.9 496000
1695673257740 0.9 500000
1695673285316 0.9 504000
1695673312430 0.9 508000
1695673340445 0.9 512000
1695673365733 0.9 516000
1695673391380 0.9 520000
1695673415957 0.9 524000
1695673440133 0.9 528000
1695673464187 0.9 532000
1695673488198 0.9 536000
1695673512103 0.9 540000
1695673536244 0.9 544000
1695673560699 0.9 548000
1695673585635 0.9 552000
1695673610211 0.9 556000
1695673635056 0.9 560000
1695673659712 0.9 564000
1695673684259 0.9 568000
1695673708646 0.9 572000
1695673732885 0.9 576000
1695673757775 0.9 580000
1695673782393 0.9 584000
1695673807540 0.9 588000
1695673832073 0.9 592000
1695673856228 0.9 596000
1695673880547 0.9 600000
1695673904936 0.9 604000
1695673929419 0.9 608000
1695673953775 0.9 612000
1695673978565 0.9 616000
1695674003108 0.9 620000
1695674027419 0.9 624000
1695674051583 0.9 628000
1695674076420 0.9 632000
1695674101592 0.9 636000
1695674127714 0.9 640000
1695674152679 0.9 644000
1695674178872 0.9 648000
1695674203256 0.9 652000
1695674227550 0.9 656000
1695674253927 0.9 660000
1695674280096 0.9 664000
1695674308033 0.9 668000
1695674339510 0.9 672000
1695674364714 0.9 676000
1695674389712 0.9 680000
1695674416032 0.9 684000
1695674441568 0.9 688000
1695674466277 0.9 692000
1695674490589 0.9 696000
1695674514918 0.9 700000
1695674539978 0.9 704000
1695674564796 0.9 708000
1695674591026 0.9 712000
1695674616447 0.9 716000
1695674640715 0.9 720000
1695674664626 0.9 724000
1695674689509 0.9 728000
1695674715354 0.9 732000
1695674741338 0.9 736000
1695674765394 0.9 740000
1695674789597 0.9 744000
1695674814021 0.9 748000
1695674838272 0.9 752000
1695674862753 0.9 756000
1695674887084 0.9 760000
1695674912711 0.9 764000
1695674937813 0.9 768000
1695674962036 0.9 772000
1695674986099 0.9 776000
1695675010458 0.9 780000
1695675034663 0.9 784000
1695675058949 0.9 788000
1695675084028 0.9 792000
1695675109930 0.9 796000
1695675135635 0.9 800000
1695675165019 0.9 804000
1695675190888 0.9 808000
1695675216764 0.9 812000
1695675241511 0.9 816000
1695675266201 0.9 820000
1695675290915 0.9 824000
1695675315144 0.9 828000
1695675339994 0.9 832000
1695675364471 0.9 836000
1695675388743 0.9 840000
1695675415129 0.9 844000
1695675440345 0.9 848000
1695675465777 0.9 852000
1695675490954 0.9 856000
1695675516161 0.9 860000
1695675541894 0.9 864000
1695675568627 0.9 868000
1695675595638 0.9 872000
1695675622789 0.9 876000
1695675647787 0.9 880000
1695675672240 0.9 884000
1695675696727 0.9 888000
1695675721325 0.9 892000
1695675745749 0.9 896000
1695675769899 0.9 900000
1695675793579 0.9 904000
1695675817583 0.9 908000
1695675841541 0.9 912000
1695675865724 0.9 916000
