1695672410724 1.78071875 364000
1695672434628 1.78071875 368000
1695672460136 1.78071875 372000
1695672484834 1.78071875 376000
1695672510137 1.78071875 380000
1695672535474 1.78071875 384000
1695672561407 1.78071875 388000
1695672587151 1.78071875 392000
1695672613126 1.78071875 396000
1695672638752 1.4908593749999999 400000
1695672664285 1.92028698781617 404000
1695672689739 1.92028698781617 408000
1695672716146 1.92028698781617 412000
1695672740993 1.92028698781617 416000
1695672764768 1.92028698781617 420000
1695672788719 1.8717244878162012 424000
1695672812676 1.7194901128161701 428000
1695672836715 2.263443237816171 432000
1695672860531 2.263443237816171 436000
1695672884323 2.263443237816171 440000
1695672908373 2.263443237816171 444000
1695672932461 2.263443237816171 448000
1695672956268 2.263443237816171 452000
1695672980194 1.9567550427729414 456000
1695673004169 1.9567550427729414 460000
1695673027700 1.9567550427729414 464000
1695673052111 1.9567550427729414 468000
1695673078161 2.02727136281617 472000
1695673103070 2.174439855000009 476000
1695673127946 2.174439855000009 480000
1695673152847 2.174439855000009 484000
1695673177671 2.174439855000009 488000
1695673202397 2.174439855000009 492000
1695673229102 2.174439855000009 496000
1695673257692 2.2941619878161705 500000
1695673285269 2.3250994878161704 504000
1695673312382 2.38194323781617 508000
1695673340398 2.457880042772942 512000
1695673365688 2.457880042772942 516000
1695673391334 2.457880042772942 520000
1695673415910 2.3989276128161707 524000
1695673440086 2.3989276128161707 528000
1695673464141 2.45055261281617 532000
1695673488150 2.876161987815205 536000
1695673512055 2.9517401128161698 540000
1695673536196 2.44863073781617 544000
1695673560653 2.43105261281617 548000
1695673585589 2.44230261281617 552000
1695673610163 2.4027471144425925 556000
1695673635010 2.45706823781617 560000
1695673659665 2.45706823781617 564000
1695673684214 2.45888073781617 568000
1695673708598 2.4463338628152043 572000
1695673732838 2.9603956677729424 576000
1695673757728 2.4694276128161703 580000
1695673782346 2.4481463628152045 584000
1695673807492 2.856096105 588000
1695673832026 2.95003698781617 592000
1695673856182 2.46550573781617 596000
1695673880500 2.582409375000003 600000
1695673904890 2.440743658544055 604000
1695673929373 2.440743658544055 608000
1695673953728 2.4744588628161703 612000
1695673978520 2.829193237816172 616000
1695674003063 2.4765717835440553 620000
1695674027372 2.4765717835440553 624000
1695674051537 2.453551917772942 628000
1695674076374 2.4581776128161703 632000
1695674101543 2.98127136281617 636000
1695674127667 2.9787869878152047 640000
1695674152633 2.46250573781617 644000
1695674178825 2.4716463628161702 648000
1695674203209 2.4629119878161703 652000
1695674227504 2.466728033544055 656000
1695674253880 2.4622081677729417 660000
1695674280048 2.4716499085440553 664000
1695674307975 2.6560343750000004 668000
1695674339463 2.4537783644425923 672000
1695674364668 2.46491198781617 676000
1695674389664 2.46491198781617 680000
1695674415985 2.458696783544055 684000
1695674441522 2.458696783544055 688000
1695674466230 2.47897448781617 692000
1695674490542 2.97142761281617 696000
1695674514872 2.983196783544055 700000
1695674539932 2.7722557378161703 704000
1695674564750 2.4369033644425926 708000
1695674590979 2.459911987816171 712000
1695674616401 2.4152869878161702 716000
1695674640668 2.47886511281617 720000
1695674664581 2.6356437500000003 724000
1695674689462 2.47364636281617 728000
1695674715305 2.4699432378152046 732000
1695674741291 2.9517401128161698 736000
1695674765348 2.48278698781617 740000
1695674789550 2.94470886281617 744000
1695674813974 2.48659948781617 748000
1695674838226 2.968868658544056 752000
1695674862707 2.95525573781617 756000
1695674887037 2.488821783544055 760000
1695674912664 2.48659948781617 764000
1695674937766 2.48519323781617 768000
1695674961989 2.48800573781617 772000
1695674986053 2.9620994878161704 776000
1695675010412 2.47042761281617 780000
1695675034616 2.476755042772942 784000
1695675058903 2.48208386281617 788000
1695675083982 2.9483338628161704 792000
1695675109882 2.47956823781617 796000
1695675135578 2.484490112815204 800000
1695675164972 2.48449011281617 804000
1695675190842 2.94681823781617 808000
1695675216717 2.96509948781617 812000
1695675241464 2.961399908544055 816000
1695675266156 2.4732401128161703 820000
1695675290869 2.48489636281617 824000
1695675315098 2.47886511281617 828000
1695675339945 2.484603033544055 832000
1695675364422 2.48027136281617 836000
1695675388697 2.97634948781617 840000
1695675415081 2.978458167772942 844000
1695675440298 2.8578686585440582 848000
1695675465731 2.98197448781617 852000
1695675490908 2.486599487815204 856000
1695675516116 2.6352375 860000
1695675541847 2.861721105 864000
1695675568581 2.487301917772942 868000
1695675595590 2.4851932378152037 872000
1695675622743 2.479568237815204 876000
1695675647740 2.4901144177729417 880000
1695675672194 2.48308386281617 884000
1695675696680 2.481790533544055 888000
1695675721278 2.489411987815204 892000
1695675745703 2.489411987815204 896000
1695675769852 2.48378698781617 900000
1695675793533 2.47294323781617 904000
1695675817537 2.476052612815204 908000
1695675841494 2.48870886281617 912000
1695675865677 2.488708862815204 916000
