1695672410724 1.50869323781617 364000
1695672434628 1.50869323781617 368000
1695672460136 1.50869323781617 372000
1695672484835 1.6830500000000002 376000
1695672510137 1.6830500000000002 380000
1695672535475 1.6830500000000002 384000
1695672561407 1.6830500000000002 388000
1695672587152 1.7926932378161617 392000
1695672613126 2.00869323781617 396000
1695672638753 2.00869323781617 400000
1695672664285 2.00869323781617 404000
1695672689740 2.00869323781617 408000
1695672716146 1.50869323781617 412000
1695672740993 1.50869323781617 416000
1695672764769 1.50869323781617 420000
1695672788719 1.6830500000000002 424000
1695672812676 1.6830500000000002 428000
1695672836715 1.6830500000000002 432000
1695672860531 1.6830500000000002 436000
1695672884323 1.6830500000000002 440000
1695672908374 1.50869323781617 444000
1695672932461 1.50869323781617 448000
1695672956268 1.50869323781617 452000
1695672980194 2.00869323781617 456000
1695673004169 2.00869323781617 460000
1695673027700 2.00869323781617 464000
1695673052111 2.00869323781617 468000
1695673078162 2.00869323781617 472000
1695673103070 2.00869323781617 476000
1695673127946 2.00869323781617 480000
1695673152847 2.00869323781617 484000
1695673177671 1.9894346144425923 488000
1695673202397 2.008103033544055 492000
1695673229102 2.008103033544055 496000
1695673257693 2.008103033544055 500000
1695673285269 2.008103033544055 504000
1695673312382 2.00869323781617 508000
1695673340398 2.00869323781617 512000
1695673365688 2.00869323781617 516000
1695673391334 2.00869323781617 520000
1695673415910 2.00869323781617 524000
1695673440087 2.00869323781617 528000
1695673464141 2.00869323781617 532000
1695673488150 2.00869323781617 536000
1695673512056 2.00869323781617 540000
1695673536196 2.00869323781617 544000
1695673560653 2.0086925427729416 548000
1695673585589 2.00869323781617 552000
1695673610164 2.00869323781617 556000
1695673635010 2.00869323781617 560000
1695673659666 2.00869323781617 564000
1695673684214 2.00869323781617 568000
1695673708599 2.00869323781617 572000
1695673732839 2.00869323781617 576000
1695673757728 2.00869323781617 580000
1695673782346 2.00869323781617 584000
1695673807492 2.00869323781617 588000
1695673832026 2.00869323781617 592000
1695673856183 1.9909346144425923 596000
1695673880501 2.00869323781617 600000
1695673904890 2.00869323781617 604000
1695673929374 2.00869323781617 608000
1695673953728 2.00869323781617 612000
1695673978520 2.008103033544055 616000
1695674003063 2.00869323781617 620000
1695674027372 2.00869323781617 624000
1695674051537 2.00869323781617 628000
1695674076375 2.00869323781617 632000
1695674101544 2.00869323781617 636000
1695674127668 2.00869323781617 640000
1695674152633 2.00869323781617 644000
1695674178825 2.00869323781617 648000
1695674203209 2.00869323781617 652000
1695674227504 2.0086932378152036 656000
1695674253880 2.00869323781617 660000
1695674280048 2.00869323781617 664000
1695674307975 2.0086925427729416 668000
1695674339464 2.00869323781617 672000
1695674364668 2.00869323781617 676000
1695674389664 2.00869323781617 680000
1695674415986 2.00869323781617 684000
1695674441522 2.00869323781617 688000
1695674466230 2.00869323781617 692000
1695674490542 2.00869323781617 696000
1695674514872 2.00869323781617 700000
1695674539932 2.00869323781617 704000
1695674564750 2.00869323781617 708000
1695674590979 2.00869323781617 712000
1695674616401 2.00869323781617 716000
1695674640669 2.00869323781617 720000
1695674664581 2.00869323781617 724000
1695674689462 2.00869323781617 728000
1695674715306 1.8982836050000003 732000
1695674741292 2.0086932378152036 736000
1695674765348 2.00869323781617 740000
1695674789550 2.00869323781617 744000
1695674813974 2.00869323781617 748000
1695674838226 2.00869323781617 752000
1695674862708 2.00869323781617 756000
1695674887037 2.00869323781617 760000
1695674912664 2.008103033544055 764000
1695674937767 1.9909346144425923 768000
1695674961990 2.00869323781617 772000
1695674986053 2.00869323781617 776000
1695675010412 2.00869323781617 780000
1695675034617 2.00869323781617 784000
1695675058903 2.00869323781617 788000
1695675083982 2.00869323781617 792000
1695675109883 2.00869323781617 796000
1695675135579 2.0086932378152036 800000
1695675164973 2.00869323781617 804000
1695675190842 2.008103033544055 808000
1695675216717 2.00869323781617 812000
1695675241464 2.00869323781617 816000
1695675266156 2.00869323781617 820000
1695675290869 2.00869323781617 824000
1695675315098 2.00869323781617 828000
1695675339946 2.00869323781617 832000
1695675364422 2.0086925427729416 836000
1695675388697 2.008103033544055 840000
1695675415082 2.00869323781617 844000
1695675440299 1.9909346144425923 848000
1695675465732 2.00869323781617 852000
1695675490909 2.00869323781617 856000
1695675516116 2.00869323781617 860000
1695675541847 2.008103033544055 864000
1695675568581 2.00869323781617 868000
1695675595590 2.00869323781617 872000
1695675622743 2.008103033544055 876000
1695675647740 1.9909346144425923 880000
1695675672194 2.00869323781617 884000
1695675696680 2.0086932378152036 888000
1695675721278 2.0086925427729416 892000
1695675745703 2.00869323781617 896000
1695675769852 2.00869323781617 900000
1695675793533 2.00869323781617 904000
1695675817537 2.00869323781617 908000
1695675841494 2.00869323781617 912000
1695675865677 2.00869323781617 916000
