1695672410754 0.039735962362850416 364000
1695672434660 0.03980050484339396 368000
1695672460167 0.03980050484339396 372000
1695672484866 0.037486023373074 376000
1695672510167 0.03744649887084961 380000
1695672535507 0.037410626044640176 384000
1695672561437 0.03769556681315104 388000
1695672587180 0.03854020849450842 392000
1695672613155 0.03858804702758789 396000
1695672638782 0.038216233253479004 400000
1695672664314 0.039037346839904785 404000
1695672689768 0.039159297943115234 408000
1695672716177 0.04004049301147461 412000
1695672741024 0.03962278366088867 416000
1695672764798 0.0391998291015625 420000
1695672788748 0.0377730131149292 424000
1695672812705 0.03784501552581787 428000
1695672836744 0.03670167922973633 432000
1695672860560 0.03592824935913086 436000
1695672884352 0.036242127418518066 440000
1695672908403 0.03658795356750488 444000
1695672932490 0.03666722774505615 448000
1695672956298 0.03696930408477783 452000
1695672980223 0.03647351264953613 456000
1695673004199 0.03680229187011719 460000
1695673027730 0.036393046379089355 464000
1695673052141 0.03636932373046875 468000
1695673078192 0.037149667739868164 472000
1695673103100 0.03780972957611084 476000
1695673127977 0.037970781326293945 480000
1695673152876 0.037970781326293945 484000
1695673177700 0.03765130043029785 488000
1695673202427 0.03820955753326416 492000
1695673229134 0.03733539581298828 496000
1695673257722 0.03837025165557861 500000
1695673285299 0.04122364521026611 504000
1695673312413 0.042632102966308594 508000
1695673340428 0.04158735275268555 512000
1695673365716 0.039412498474121094 516000
1695673391363 0.03881096839904785 520000
1695673415940 0.037294864654541016 524000
1695673440116 0.036351919174194336 528000
1695673464170 0.0350949764251709 532000
1695673488181 0.03460371494293213 536000
1695673512085 0.035228729248046875 540000
1695673536226 0.03613966320632794 544000
1695673560682 0.036291066590730135 548000
1695673585618 0.036621306623731344 552000
1695673610194 0.03760325908660889 556000
1695673635039 0.03749995396055024 560000
1695673659695 0.035363197326660156 564000
1695673684242 0.0361027717590332 568000
1695673708628 0.036046050843738374 572000
1695673732868 0.03710484504699707 576000
1695673757758 0.036561682941467784 580000
1695673782375 0.03622477514701977 584000
1695673807522 0.037877464294433595 588000
1695673832055 0.03721812539849399 592000
1695673856211 0.03604079605242528 596000
1695673880530 0.03828728199005127 600000
1695673904919 0.03637540340423584 604000
1695673929403 0.03645014762878418 608000
1695673953759 0.036290645599365234 612000
1695673978548 0.03734922409057617 616000
1695674003092 0.03572213649749756 620000
1695674027402 0.03567004203796387 624000
1695674051566 0.03542137145996094 628000
1695674076404 0.036177873611450195 632000
1695674101574 0.036391377449035645 636000
1695674127697 0.039249539375305176 640000
1695674152662 0.037444233894348145 644000
1695674178855 0.036339402198791504 648000
1695674203239 0.03585171699523926 652000
1695674227533 0.036112189292907715 656000
1695674253910 0.039551615715026855 660000
1695674280078 0.038673996925354004 664000
1695674308010 0.036543945096573736 668000
1695674339493 0.04584825038909912 672000
1695674364697 0.03892040252685547 676000
1695674389694 0.03669774532318115 680000
1695674416015 0.03839528560638428 684000
1695674441551 0.03856945037841797 688000
1695674466260 0.03790640616202139 692000
1695674490572 0.03621456191295714 696000
1695674514901 0.03723619414157555 700000
1695674539961 0.03815603256225586 704000
1695674564779 0.03840029239654541 708000
1695674591010 0.036600493548209205 712000
1695674616430 0.03911614418029785 716000
1695674640698 0.03567586342493693 720000
1695674664610 0.03552877996850202 724000
1695674689492 0.036487728357315063 728000
1695674715336 0.03703465064366659 732000
1695674741320 0.040633855042634184 736000
1695674765377 0.03582252470474669 740000
1695674789579 0.03499840729988661 744000
1695674814004 0.03644337599304901 748000
1695674838255 0.03543064214181209 752000
1695674862737 0.03583212156553526 756000
1695674887067 0.03554133040394949 760000
1695674912693 0.03662587522150396 764000
1695674937796 0.03758235950375078 768000
1695674962019 0.0362090642939615 772000
1695674986082 0.03614502157119506 776000
1695675010441 0.035609703897778455 780000
1695675034646 0.03546935966215938 784000
1695675058932 0.035199444544942754 788000
1695675084011 0.037725894681869016 792000
1695675109913 0.03837921001293041 796000
1695675135616 0.03541499376296997 800000
1695675165002 0.04457775400488416 804000
1695675190871 0.03744469163167542 808000
1695675216747 0.03832315994521319 812000
1695675241493 0.0361424466078194 816000
1695675266185 0.03659046057498816 820000
1695675290898 0.03698498932356687 824000
1695675315128 0.03651757698274602 828000
1695675339976 0.03615403786683694 832000
1695675364453 0.03640536339052262 836000
1695675388726 0.035433738659589716 840000
1695675415111 0.04048258344703746 844000
1695675440328 0.037242201241579925 848000
1695675465760 0.037995603058364365 852000
1695675490937 0.0370690079986072 856000
1695675516144 0.03704421975639429 860000
1695675541877 0.0382329523563385 864000
1695675568611 0.039309999915990934 868000
1695675595621 0.03886636178098132 872000
1695675622772 0.04195489518629397 876000
1695675647770 0.03864811238459343 880000
1695675672223 0.03523729942940377 884000
1695675696710 0.036157724949029774 888000
1695675721308 0.03672918093573187 892000
1695675745733 0.036188483238220215 896000
1695675769881 0.03607177734375 900000
1695675793562 0.035076260566711426 904000
1695675817567 0.03606152534484863 908000
1695675841524 0.03663236444646662 912000
1695675865707 0.03568368799546186 916000
