1695672410754 0.0026681843925924864 364000
1695672434660 0.0026106834411621094 368000
1695672460167 0.0026106834411621094 372000
1695672484866 0.0025550524393717446 376000
1695672510167 0.0025682449340820312 380000
1695672535508 0.0025678139466505786 384000
1695672561437 0.0026035308837890625 388000
1695672587180 0.0026270940706327366 392000
1695672613155 0.002624248636179957 396000
1695672638782 0.002623915672302246 400000
1695672664315 0.002678394317626953 404000
1695672689768 0.002680540084838867 408000
1695672716177 0.0027016401290893555 412000
1695672741024 0.002671480178833008 416000
1695672764798 0.0026456117630004883 420000
1695672788749 0.0025609731674194336 424000
1695672812705 0.00256955623626709 428000
1695672836744 0.0025603771209716797 432000
1695672860560 0.0025299787521362305 436000
1695672884352 0.0025435686111450195 440000
1695672908403 0.0025682449340820312 444000
1695672932490 0.0026001930236816406 448000
1695672956298 0.0025703907012939453 452000
1695672980223 0.0025464296340942383 456000
1695673004199 0.002550482749938965 460000
1695673027730 0.00253140926361084 464000
1695673052141 0.002531886100769043 468000
1695673078192 0.002593994140625 472000
1695673103100 0.002620697021484375 476000
1695673127977 0.002625107765197754 480000
1695673152876 0.002625107765197754 484000
1695673177700 0.002624988555908203 488000
1695673202428 0.002638578414916992 492000
1695673229135 0.002604961395263672 496000
1695673257722 0.002652287483215332 500000
1695673285299 0.0027772188186645508 504000
1695673312413 0.002834796905517578 508000
1695673340428 0.0027846097946166992 512000
1695673365716 0.002719402313232422 516000
1695673391363 0.002713322639465332 520000
1695673415940 0.002640247344970703 524000
1695673440116 0.00250244140625 528000
1695673464170 0.002471923828125 532000
1695673488181 0.002476930618286133 536000
1695673512085 0.002484440803527832 540000
1695673536226 0.002511269455655999 544000
1695673560682 0.002512308928343627 548000
1695673585618 0.0025381999356406076 552000
1695673610194 0.00260162353515625 556000
1695673635040 0.002602153810961493 560000
1695673659695 0.002479076385498047 564000
1695673684243 0.0025212764739990234 568000
1695673708629 0.002511153145441933 572000
1695673732868 0.002580404281616211 576000
1695673757758 0.002595467296073107 580000
1695673782375 0.0024993168680291426 584000
1695673807522 0.0026284217834472655 588000
1695673832055 0.0025957083899127553 592000
1695673856212 0.0025181595338593927 596000
1695673880530 0.0025463104248046875 600000
1695673904919 0.002518892288208008 604000
1695673929403 0.0025479793548583984 608000
1695673953759 0.002535223960876465 612000
1695673978549 0.0025947093963623047 616000
1695674003092 0.0025693178176879883 620000
1695674027402 0.0025458335876464844 624000
1695674051566 0.0024764537811279297 628000
1695674076404 0.0025523900985717773 632000
1695674101574 0.0025625228881835938 636000
1695674127697 0.0027208328247070312 640000
1695674152662 0.002656698226928711 644000
1695674178855 0.0025424957275390625 648000
1695674203239 0.0025339126586914062 652000
1695674227533 0.0025289058685302734 656000
1695674253910 0.003114938735961914 660000
1695674280079 0.00307464599609375 664000
1695674308010 0.0025510787963867188 668000
1695674339494 0.0030721426010131836 672000
1695674364697 0.0026929378509521484 676000
1695674389694 0.0025539398193359375 680000
1695674416015 0.0026581287384033203 684000
1695674441551 0.002696394920349121 688000
1695674466260 0.002611864794481982 692000
1695674490572 0.0025445082056240772 696000
1695674514901 0.002524110137439165 700000
1695674539961 0.002591729164123535 704000
1695674564780 0.0026209354400634766 708000
1695674591010 0.0025400989934017786 712000
1695674616430 0.002674102783203125 716000
1695674640698 0.002491474151611328 720000
1695674664610 0.002502925752654789 724000
1695674689492 0.002552475780248642 728000
1695674715337 0.0026619434356689453 732000
1695674741321 0.0027254775718406395 736000
1695674765377 0.002501730146354803 740000
1695674789580 0.002502835036924221 744000
1695674814004 0.002534636135759025 748000
1695674838255 0.0025301739789437556 752000
1695674862737 0.0025064880783493455 756000
1695674887067 0.0024978794268707733 760000
1695674912693 0.0025891995691991114 764000
1695674937796 0.0026063539495515585 768000
1695674962019 0.0025351403167893213 772000
1695674986082 0.0024940878312217996 776000
1695675010441 0.00252964718094289 780000
1695675034646 0.002882566796727927 784000
1695675058932 0.0025003364211634584 788000
1695675084012 0.002607799345447171 792000
1695675109913 0.0026271078321668836 796000
1695675135616 0.002541144688924154 800000
1695675165002 0.0031275643828165465 804000
1695675190871 0.002644338660477275 808000
1695675216747 0.002633245651331325 812000
1695675241493 0.0025268624590329474 816000
1695675266185 0.0025499228275183477 820000
1695675290898 0.0025899139876218186 824000
1695675315128 0.002535318924208819 828000
1695675339976 0.002530217170715332 832000
1695675364453 0.0025681270066127983 836000
1695675388726 0.002487653341048803 840000
1695675415111 0.0027880490383255145 844000
1695675440328 0.0025974755937402897 848000
1695675465761 0.0026212288783146786 852000
1695675490937 0.002589577534159676 856000
1695675516145 0.0025864397541860516 860000
1695675541877 0.0026310980319976807 864000
1695675568611 0.002738532055629773 868000
1695675595621 0.0026917936813891236 872000
1695675622772 0.002884799665440627 876000
1695675647770 0.002652089952846656 880000
1695675672223 0.002534217662639446 884000
1695675696710 0.002528956303229699 888000
1695675721308 0.0025337504357406775 892000
1695675745733 0.002528667449951172 896000
1695675769882 0.002509593963623047 900000
1695675793563 0.0024480819702148438 904000
1695675817567 0.0025020837783813477 908000
1695675841524 0.0024686076424338603 912000
1695675865707 0.002504727419684915 916000
