1695672410727 335.567 364000
1695672434631 333.965 368000
1695672460139 326.286 372000
1695672484837 326.802 376000
1695672510140 325.3 380000
1695672535478 324.301 384000
1695672561410 322.767 388000
1695672587154 322.177 392000
1695672613129 320.384 396000
1695672638755 319.434 400000
1695672664288 317.185 404000
1695672689742 316.215 408000
1695672716149 315.422 412000
1695672740996 314.467 416000
1695672764772 315.961 420000
1695672788722 317.686 424000
1695672812679 320.231 428000
1695672836718 322.012 432000
1695672860534 324.691 436000
1695672884326 327.114 440000
1695672908377 329.513 444000
1695672932464 331.338 448000
1695672956271 334.965 452000
1695672980197 336.265 456000
1695673004172 336.182 460000
1695673027703 336.365 464000
1695673052114 335.037 468000
1695673078165 331.762 472000
1695673103073 331.428 476000
1695673127949 331.035 480000
1695673152850 330.623 484000
1695673177674 329.616 488000
1695673202400 328.916 492000
1695673229105 323.504 496000
1695673257695 318.184 500000
1695673285272 314.631 504000
1695673312385 312.132 508000
1695673340401 309.318 512000
1695673365691 306.825 516000
1695673391337 306.759 520000
1695673415913 306.79 524000
1695673440089 307.16 528000
1695673464144 307.456 532000
1695673488154 312.504 536000
1695673512058 317.978 540000
1695673536199 321.286 544000
1695673560656 324.432 548000
1695673585592 328.463 552000
1695673610166 331.403 556000
1695673635013 331.503 560000
1695673659668 330.368 564000
1695673684217 329.642 568000
1695673708601 329.444 572000
1695673732841 329.886 576000
1695673757731 329.438 580000
1695673782349 328.673 584000
1695673807495 328.304 588000
1695673832029 329.816 592000
1695673856185 330.208 596000
1695673880503 330.566 600000
1695673904892 331.837 604000
1695673929376 332.232 608000
1695673953731 331.584 612000
1695673978522 330.871 616000
1695674003066 330.779 620000
1695674027375 330.717 624000
1695674051540 331.127 628000
1695674076377 330.881 632000
1695674101547 328.57 636000
1695674127670 326.301 640000
1695674152636 324.601 644000
1695674178828 321.33 648000
1695674203212 321.949 652000
1695674227507 322.114 656000
1695674253883 318.657 660000
1695674280051 316.388 664000
1695674307978 307.819 668000
1695674339466 304.94 672000
1695674364671 305.657 676000
1695674389667 306.192 680000
1695674415988 305.721 684000
1695674441525 307.415 688000
1695674466233 307.554 692000
1695674490545 308.047 696000
1695674514875 311.748 700000
1695674539935 313.458 704000
1695674564753 322.013 708000
1695674590982 321.348 712000
1695674616404 321.983 716000
1695674640671 323.509 720000
1695674664584 326.316 724000
1695674689465 327.327 728000
1695674715309 324.52 732000
1695674741294 323.153 736000
1695674765351 323.011 740000
1695674789553 324.054 744000
1695674813977 324.26 748000
1695674838229 329.203 752000
1695674862710 329.229 756000
1695674887040 329.066 760000
1695674912667 326.369 764000
1695674937769 326.706 768000
1695674961992 329.915 772000
1695674986056 331.691 776000
1695675010415 331.895 780000
1695675034619 332.527 784000
1695675058906 332.697 788000
1695675083985 332.267 792000
1695675109885 332.161 796000
1695675135583 328.35 800000
1695675164975 327.599 804000
1695675190845 325.357 808000
1695675216720 323.226 812000
1695675241467 321.758 816000
1695675266159 321.104 820000
1695675290872 320.941 824000
1695675315101 321.551 828000
1695675339948 320.8 832000
1695675364425 321.761 836000
1695675388700 325.61 840000
1695675415084 327.112 844000
1695675440301 329.416 848000
1695675465734 330.699 852000
1695675490911 331.387 856000
1695675516119 331.254 860000
1695675541850 329.528 864000
1695675568584 326.55 868000
1695675595593 323.868 872000
1695675622746 322.357 876000
1695675647743 322.69 880000
1695675672197 324.145 884000
1695675696683 324.501 888000
1695675721281 325.07 892000
1695675745706 324.672 896000
1695675769855 325.043 900000
1695675793536 326.615 904000
1695675817540 328.962 908000
1695675841497 333.22 912000
1695675865680 335.083 916000
