1695672410727 11920.122 364000
1695672434631 11977.313 368000
1695672460139 12259.188 372000
1695672484837 12239.816 376000
1695672510140 12296.33 380000
1695672535477 12334.23 384000
1695672561410 12392.826 388000
1695672587154 12415.538 392000
1695672613129 12485.027 396000
1695672638755 12522.15 400000
1695672664287 12610.929 404000
1695672689742 12649.613 408000
1695672716149 12681.416 412000
1695672740995 12719.954 416000
1695672764771 12659.803 420000
1695672788722 12591.058 424000
1695672812679 12490.993 428000
1695672836718 12421.896 432000
1695672860534 12319.395 436000
1695672884326 12228.158 440000
1695672908376 12139.129 444000
1695672932463 12072.251 448000
1695672956271 11941.557 452000
1695672980197 11895.365 456000
1695673004172 11898.331 460000
1695673027703 11891.841 464000
1695673052114 11938.971 468000
1695673078164 12056.821 472000
1695673103073 12068.982 476000
1695673127949 12083.301 480000
1695673152850 12098.384 484000
1695673177674 12135.345 488000
1695673202400 12161.167 492000
1695673229105 12364.596 496000
1695673257695 12571.323 500000
1695673285272 12713.293 504000
1695673312385 12815.109 508000
1695673340401 12931.663 512000
1695673365691 13036.749 516000
1695673391336 13039.565 520000
1695673415912 13038.233 524000
1695673440089 13022.545 528000
1695673464144 13009.988 532000
1695673488154 12799.816 536000
1695673512058 12579.475 540000
1695673536199 12449.948 544000
1695673560656 12329.25 548000
1695673585592 12177.921 552000
1695673610166 12069.881 556000
1695673635012 12066.274 560000
1695673659668 12107.701 564000
1695673684216 12134.39 568000
1695673708601 12141.656 572000
1695673732841 12125.396 576000
1695673757731 12141.873 580000
1695673782349 12170.155 584000
1695673807495 12183.814 588000
1695673832028 12127.967 592000
1695673856185 12113.582 596000
1695673880503 12100.45 600000
1695673904892 12054.108 604000
1695673929376 12039.796 608000
1695673953731 12063.303 612000
1695673978522 12089.297 616000
1695674003066 12092.679 620000
1695674027375 12094.928 624000
1695674051539 12079.971 628000
1695674076377 12088.932 632000
1695674101546 12173.972 636000
1695674127670 12258.61 640000
1695674152635 12322.805 644000
1695674178828 12448.257 648000
1695674203212 12424.34 652000
1695674227507 12417.979 656000
1695674253882 12552.669 660000
1695674280050 12642.715 664000
1695674307978 12994.634 668000
1695674339466 13117.315 672000
1695674364670 13086.57 676000
1695674389666 13063.71 680000
1695674415988 13083.81 684000
1695674441525 13011.714 688000
1695674466233 13005.838 692000
1695674490545 12985.016 696000
1695674514874 12830.856 700000
1695674539935 12760.867 704000
1695674564753 12421.869 708000
1695674590982 12447.583 712000
1695674616404 12423.023 716000
1695674640671 12364.418 720000
1695674664584 12258.047 724000
1695674689464 12220.203 728000
1695674715308 12325.901 732000
1695674741294 12378.035 736000
1695674765350 12383.464 740000
1695674789553 12343.622 744000
1695674813977 12335.772 748000
1695674838229 12150.539 752000
1695674862710 12149.595 756000
1695674887040 12155.618 760000
1695674912667 12256.059 764000
1695674937769 12243.414 768000
1695674961992 12124.351 772000
1695674986056 12059.428 776000
1695675010414 12052.002 780000
1695675034619 12029.083 784000
1695675058905 12022.947 788000
1695675083985 12038.516 792000
1695675109885 12042.369 796000
1695675135582 12182.115 800000
1695675164975 12210.033 804000
1695675190845 12294.18 808000
1695675216720 12375.255 812000
1695675241466 12431.695 816000
1695675266158 12457.023 820000
1695675290872 12463.334 824000
1695675315100 12439.714 828000
1695675339948 12468.811 832000
1695675364425 12431.573 836000
1695675388700 12284.619 840000
1695675415084 12228.242 844000
1695675440301 12142.719 848000
1695675465734 12095.603 852000
1695675490911 12070.497 856000
1695675516118 12075.329 860000
1695675541850 12138.578 864000
1695675568584 12249.254 868000
1695675595593 12350.704 872000
1695675622746 12408.605 876000
1695675647743 12395.782 880000
1695675672196 12340.162 884000
1695675696683 12326.621 888000
1695675721280 12305.06 892000
1695675745705 12320.109 896000
1695675769854 12306.049 900000
1695675793536 12246.839 904000
1695675817540 12159.455 908000
1695675841497 12004.069 912000
1695675865680 11937.326 916000
