1695672410727 12517.697 364000
1695672434630 12113.108 368000
1695672460139 12251.082 372000
1695672484837 12276.349 376000
1695672510139 12344.087 380000
1695672535477 12394.411 384000
1695672561410 12483.69 388000
1695672587154 12548.816 392000
1695672613128 12573.699 396000
1695672638755 12575.779 400000
1695672664287 12578.416 404000
1695672689742 12694.14 408000
1695672716149 12751.846 412000
1695672740995 12727.622 416000
1695672764771 12634.765 420000
1695672788722 12564.994 424000
1695672812679 12468.085 428000
1695672836718 12367.106 432000
1695672860534 12253.612 436000
1695672884326 12162.609 440000
1695672908376 12104.234 444000
1695672932463 12034.305 448000
1695672956271 11904.266 452000
1695672980196 11858.52 456000
1695673004172 11875.513 460000
1695673027703 11840.576 464000
1695673052114 11838.928 468000
1695673078164 11920.751 472000
1695673103073 12017.213 476000
1695673127949 12110.4 480000
1695673152850 12179.43 484000
1695673177674 12216.235 488000
1695673202399 12281.53 492000
1695673229105 12353.478 496000
1695673257695 12605.903 500000
1695673285271 12866.626 504000
1695673312385 13033.536 508000
1695673340400 13113.705 512000
1695673365690 13046.939 516000
1695673391336 13121.572 520000
1695673415912 13090.611 524000
1695673440089 13041.331 528000
1695673464144 12987.566 532000
1695673488154 12930.595 536000
1695673512058 12684.102 540000
1695673536199 12470.578 544000
1695673560655 12326.088 548000
1695673585591 12168.966 552000
1695673610166 12205.108 556000
1695673635012 12128.163 560000
1695673659668 12094.475 564000
1695673684216 12105.043 568000
1695673708601 12130.252 572000
1695673732841 12168.699 576000
1695673757731 12250.643 580000
1695673782349 12269.815 584000
1695673807495 12324.465 588000
1695673832028 12339.722 592000
1695673856185 12311.928 596000
1695673880503 12272.506 600000
1695673904892 12292.198 604000
1695673929376 12299.4 608000
1695673953730 12272.553 612000
1695673978522 12302.223 616000
1695674003066 12264.469 620000
1695674027375 12231.864 624000
1695674051539 12149.011 628000
1695674076377 12171.426 632000
1695674101546 12186.534 636000
1695674127670 12281.342 640000
1695674152635 12274.157 644000
1695674178828 12319.457 648000
1695674203212 12345.81 652000
1695674227507 12302.153 656000
1695674253882 12350.29 660000
1695674280050 12444.358 664000
1695674307978 12465.748 668000
1695674339466 13005.726 672000
1695674364670 13040.258 676000
1695674389666 12949.581 680000
1695674415988 13064.538 684000
1695674441525 13069.923 688000
1695674466232 13108.046 692000
1695674490545 13129.838 696000
1695674514874 13077.972 700000
1695674539934 13037.531 704000
1695674564752 13067.383 708000
1695674590982 12515.426 712000
1695674616404 12561.709 716000
1695674640671 12548.143 720000
1695674664584 12413.521 724000
1695674689464 12385.83 728000
1695674715308 12392.766 732000
1695674741294 12507.125 736000
1695674765350 12474.694 740000
1695674789553 12428.36 744000
1695674813977 12396.41 748000
1695674838228 12385.272 752000
1695674862710 12291.365 756000
1695674887039 12290.499 760000
1695674912666 12359.813 764000
1695674937769 12394.675 768000
1695674961992 12351.753 772000
1695674986056 12224.781 776000
1695675010414 12262.26 780000
1695675034619 12285.188 784000
1695675058905 12277.737 788000
1695675083984 12344.648 792000
1695675109885 12482.565 796000
1695675135582 12476.347 800000
1695675164975 12824.629 804000
1695675190845 12815.659 808000
1695675216720 12900.337 812000
1695675241466 12911.648 816000
1695675266158 12919.157 820000
1695675290872 12963.344 824000
1695675315100 12981.043 828000
1695675339948 12927.682 832000
1695675364425 12822.084 836000
1695675388700 12829.705 840000
1695675415084 12585.813 844000
1695675440301 12606.584 848000
1695675465734 12608.696 852000
1695675490911 12676.46 856000
1695675516118 12722.978 860000
1695675541850 12761.432 864000
1695675568584 12900.433 868000
1695675595593 13014.685 872000
1695675622745 13223.61 876000
1695675647743 13308.035 880000
1695675672196 13170.265 884000
1695675696683 13110.154 888000
1695675721280 13047.809 892000
1695675745705 12957.757 896000
1695675769854 12866.441 900000
1695675793536 12720.629 904000
1695675817540 12535.422 908000
1695675841497 12386.094 912000
1695675865680 12156.256 916000
