1695672410727 43.462 364000
1695672434631 41.923 368000
1695672460140 42.21 372000
1695672484838 42.989 376000
1695672510140 42.71 380000
1695672535478 42.719 384000
1695672561410 42.867 388000
1695672587154 42.77 392000
1695672613129 42.549 396000
1695672638755 43.177 400000
1695672664288 43.021 404000
1695672689743 43.213 408000
1695672716149 43.214 412000
1695672740996 42.77 416000
1695672764772 42.898 420000
1695672788722 42.741 424000
1695672812679 42.682 428000
1695672836718 42.602 432000
1695672860534 42.582 436000
1695672884326 41.988 440000
1695672908377 41.892 444000
1695672932464 41.879 448000
1695672956271 41.914 452000
1695672980197 41.878 456000
1695673004172 41.84 460000
1695673027703 41.813 464000
1695673052114 41.518 468000
1695673078165 41.951 472000
1695673103073 42.164 476000
1695673127950 42.076 480000
1695673152850 42.128 484000
1695673177674 41.867 488000
1695673202400 42.249 492000
1695673229105 43.14 496000
1695673257696 43.779 500000
1695673285272 44.204 504000
1695673312385 44.476 508000
1695673340401 44.248 512000
1695673365691 44.229 516000
1695673391337 44.159 520000
1695673415913 44.284 524000
1695673440090 44.504 528000
1695673464144 44.017 532000
1695673488154 43.076 536000
1695673512059 42.428 540000
1695673536200 42.099 544000
1695673560656 41.966 548000
1695673585592 42.129 552000
1695673610167 42.059 556000
1695673635013 42.089 560000
1695673659669 42.088 564000
1695673684217 41.991 568000
1695673708602 42.069 572000
1695673732842 42.194 576000
1695673757731 42.142 580000
1695673782349 42.172 584000
1695673807495 42.24 588000
1695673832029 41.968 592000
1695673856186 41.812 596000
1695673880504 41.877 600000
1695673904893 41.639 604000
1695673929377 41.731 608000
1695673953731 41.838 612000
1695673978523 41.836 616000
1695674003066 41.861 620000
1695674027375 41.667 624000
1695674051540 41.619 628000
1695674076378 41.468 632000
1695674101547 42.311 636000
1695674127670 42.335 640000
1695674152636 42.617 644000
1695674178828 42.729 648000
1695674203212 42.508 652000
1695674227507 42.557 656000
1695674253883 42.614 660000
1695674280051 43.131 664000
1695674307979 43.792 668000
1695674339467 44.014 672000
1695674364671 43.464 676000
1695674389667 43.812 680000
1695674415989 43.738 684000
1695674441525 43.741 688000
1695674466233 43.9 692000
1695674490545 44.041 696000
1695674514875 44.425 700000
1695674539935 44.293 704000
1695674564753 44.117 708000
1695674590982 44.683 712000
1695674616404 44.496 716000
1695674640672 44.076 720000
1695674664584 43.923 724000
1695674689465 43.792 728000
1695674715309 43.987 732000
1695674741294 43.981 736000
1695674765351 43.49 740000
1695674789553 43.261 744000
1695674813978 42.81 748000
1695674838229 42.081 752000
1695674862711 42.249 756000
1695674887040 42.118 760000
1695674912667 42.532 764000
1695674937770 42.417 768000
1695674961993 42.181 772000
1695674986056 42.105 776000
1695675010415 42.095 780000
1695675034620 42.232 784000
1695675058906 42.286 788000
1695675083985 42.358 792000
1695675109885 42.223 796000
1695675135583 43.283 800000
1695675164976 42.899 804000
1695675190845 43.19 808000
1695675216720 42.912 812000
1695675241467 42.929 816000
1695675266159 43.027 820000
1695675290872 42.95 824000
1695675315101 42.946 828000
1695675339949 42.981 832000
1695675364425 43.151 836000
1695675388700 42.292 840000
1695675415085 42.603 844000
1695675440302 42.447 848000
1695675465735 42.688 852000
1695675490911 42.802 856000
1695675516119 42.978 860000
1695675541850 42.901 864000
1695675568584 43.091 868000
1695675595593 43.533 872000
1695675622746 43.788 876000
1695675647743 43.755 880000
1695675672197 43.677 884000
1695675696684 43.823 888000
1695675721281 43.764 892000
1695675745706 43.687 896000
1695675769855 43.349 900000
1695675793536 43.643 904000
1695675817540 43.413 908000
1695675841497 42.936 912000
1695675865680 42.632 916000
