1695672410726 24482.275 364000
1695672434630 24133.473 368000
1695672460139 24553.605 372000
1695672484837 24560.312 376000
1695672510139 24684.299 380000
1695672535477 24772.546 384000
1695672561410 24920.553 388000
1695672587154 25008.321 392000
1695672613128 25102.459 396000
1695672638755 25142.284 400000
1695672664287 25233.547 404000
1695672689742 25388.128 408000
1695672716149 25477.651 412000
1695672740995 25491.51 416000
1695672764771 25338.623 420000
1695672788722 25199.947 424000
1695672812678 25002.927 428000
1695672836718 24832.77 432000
1695672860534 24616.751 436000
1695672884325 24433.911 440000
1695672908376 24286.41 444000
1695672932463 24149.602 448000
1695672956270 23888.906 452000
1695672980196 23796.932 456000
1695673004172 23816.841 460000
1695673027703 23775.373 464000
1695673052114 23820.55 468000
1695673078164 24020.634 472000
1695673103073 24129.486 476000
1695673127949 24236.922 480000
1695673152850 24321.122 484000
1695673177673 24394.62 488000
1695673202399 24486.153 492000
1695673229104 24762.435 496000
1695673257695 25222.246 500000
1695673285271 25625.396 504000
1695673312384 25894.411 508000
1695673340400 26090.911 512000
1695673365690 26129.205 516000
1695673391336 26206.562 520000
1695673415912 26174.377 524000
1695673440089 26109.63 528000
1695673464143 26042.773 532000
1695673488154 25774.667 536000
1695673512058 25307.179 540000
1695673536199 24963.767 544000
1695673560655 24698.425 548000
1695673585591 24390.131 552000
1695673610166 24318.162 556000
1695673635012 24237.645 560000
1695673659668 24245.382 564000
1695673684216 24282.556 568000
1695673708601 24315.122 572000
1695673732841 24337.454 576000
1695673757731 24435.813 580000
1695673782348 24483.31 584000
1695673807494 24551.711 588000
1695673832028 24510.852 592000
1695673856185 24468.534 596000
1695673880503 24416.05 600000
1695673904892 24389.154 604000
1695673929376 24382.12 608000
1695673953730 24378.924 612000
1695673978522 24434.577 616000
1695674003065 24400.245 620000
1695674027375 24369.703 624000
1695674051539 24271.836 628000
1695674076377 24303.053 632000
1695674101546 24404.031 636000
1695674127670 24583.501 640000
1695674152635 24640.794 644000
1695674178827 24811.679 648000
1695674203212 24813.843 652000
1695674227506 24763.865 656000
1695674253882 24946.759 660000
1695674280050 25131.377 664000
1695674307978 25505.364 668000
1695674339466 26168.263 672000
1695674364670 26171.519 676000
1695674389666 26058.35 680000
1695674415988 26193.349 684000
1695674441524 26126.626 688000
1695674466232 26159.042 692000
1695674490544 26160.169 696000
1695674514874 25954.502 700000
1695674539934 25843.959 704000
1695674564752 25534.613 708000
1695674590982 25008.943 712000
1695674616403 25030.482 716000
1695674640671 24957.889 720000
1695674664584 24716.73 724000
1695674689464 24651.069 728000
1695674715308 24763.918 732000
1695674741294 24930.4 736000
1695674765350 24902.924 740000
1695674789552 24816.505 744000
1695674813977 24776.247 748000
1695674838228 24579.147 752000
1695674862710 24484.449 756000
1695674887039 24489.463 760000
1695674912666 24659.625 764000
1695674937769 24681.713 768000
1695674961992 24519.476 772000
1695674986055 24327.493 776000
1695675010414 24357.517 780000
1695675034619 24357.663 784000
1695675058905 24344.142 788000
1695675083984 24426.691 792000
1695675109885 24568.33 796000
1695675135582 24702.926 800000
1695675164975 25078.753 804000
1695675190844 25154.226 808000
1695675216720 25319.704 812000
1695675241466 25387.483 816000
1695675266158 25420.429 820000
1695675290871 25470.844 824000
1695675315100 25464.928 828000
1695675339948 25440.683 832000
1695675364424 25298.016 836000
1695675388699 25157.824 840000
1695675415084 24857.879 844000
1695675440301 24792.974 848000
1695675465734 24748.203 852000
1695675490911 24790.965 856000
1695675516118 24842.487 860000
1695675541849 24944.125 864000
1695675568583 25193.98 868000
1695675595593 25410.144 872000
1695675622745 25677.227 876000
1695675647742 25748.783 880000
1695675672196 25555.309 884000
1695675696683 25481.818 888000
1695675721280 25397.85 892000
1695675745705 25322.775 896000
1695675769854 25217.057 900000
1695675793535 25012.309 904000
1695675817539 24739.48 908000
1695675841497 24434.275 912000
1695675865680 24137.364 916000
