1695672410766 0.0 364000
1695672434671 0.0 368000
1695672460179 0.0 372000
1695672484877 0.0 376000
1695672510178 0.0 380000
1695672535519 0.0 384000
1695672561448 0.0 388000
1695672587191 0.0 392000
1695672613166 0.0 396000
1695672638793 0.0 400000
1695672664325 0.0 404000
1695672689778 0.0 408000
1695672716188 0.0 412000
1695672741035 0.0 416000
1695672764809 0.0 420000
1695672788759 0.0 424000
1695672812716 0.0 428000
1695672836754 0.0 432000
1695672860571 0.0 436000
1695672884362 0.0 440000
1695672908414 0.0 444000
1695672932500 0.0 448000
1695672956308 0.0 452000
1695672980234 0.0 456000
1695673004210 0.0 460000
1695673027740 0.0 464000
1695673052151 0.0 468000
1695673078203 0.0 472000
1695673103111 0.0 476000
1695673127988 0.0 480000
1695673152887 0.0 484000
1695673177710 0.0 488000
1695673202439 0.0 492000
1695673229146 0.0 496000
1695673257733 0.0 500000
1695673285310 0.0 504000
1695673312423 0.0 508000
1695673340439 0.0 512000
1695673365727 0.0 516000
1695673391374 0.0 520000
1695673415951 0.0 524000
1695673440126 0.0 528000
1695673464181 0.0 532000
1695673488192 0.0 536000
1695673512096 0.0 540000
1695673536237 0.0 544000
1695673560692 0.0 548000
1695673585629 0.0 552000
1695673610205 0.0 556000
1695673635050 0.0 560000
1695673659706 0.0 564000
1695673684253 0.0 568000
1695673708640 0.0 572000
1695673732879 0.0 576000
1695673757769 0.0 580000
1695673782386 0.0 584000
1695673807534 0.0 588000
1695673832067 0.0 592000
1695673856222 0.0 596000
1695673880541 0.0 600000
1695673904929 0.0 604000
1695673929413 0.0 608000
1695673953770 0.0 612000
1695673978559 0.0 616000
1695674003102 0.0 620000
1695674027413 0.0 624000
1695674051577 0.0 628000
1695674076414 0.0 632000
1695674101585 0.0 636000
1695674127708 0.0 640000
1695674152673 0.0 644000
1695674178866 0.0 648000
1695674203250 0.0 652000
1695674227544 0.0 656000
1695674253921 0.0 660000
1695674280090 0.0 664000
1695674308024 0.0 668000
1695674339504 0.0 672000
1695674364708 0.0 676000
1695674389706 0.0 680000
1695674416026 0.0 684000
1695674441562 0.0 688000
1695674466271 0.0 692000
1695674490583 0.0 696000
1695674514912 0.0 700000
1695674539972 0.0 704000
1695674564790 0.0 708000
1695674591020 0.0 712000
1695674616441 0.0 716000
1695674640709 0.0 720000
1695674664621 0.0 724000
1695674689502 0.0 728000
1695674715348 0.0 732000
1695674741332 0.0 736000
1695674765388 0.0 740000
1695674789590 0.0 744000
1695674814015 0.0 748000
1695674838265 0.0 752000
1695674862747 0.0 756000
1695674887078 0.0 760000
1695674912704 0.0 764000
1695674937806 0.0 768000
1695674962030 0.0 772000
1695674986093 0.0 776000
1695675010452 0.0 780000
1695675034657 0.0 784000
1695675058942 0.0 788000
1695675084022 0.0 792000
1695675109924 0.0 796000
1695675135628 0.0 800000
1695675165013 0.0 804000
1695675190881 0.0 808000
1695675216757 0.0 812000
1695675241504 0.0 816000
1695675266195 0.0 820000
1695675290909 0.0 824000
1695675315138 0.0 828000
1695675339987 0.0 832000
1695675364464 0.0 836000
1695675388737 0.0 840000
1695675415122 0.0 844000
1695675440338 0.0 848000
1695675465771 0.0 852000
1695675490948 0.0 856000
1695675516155 0.0 860000
1695675541887 0.0 864000
1695675568621 0.0 868000
1695675595632 0.0 872000
1695675622783 0.0 876000
1695675647781 0.0 880000
1695675672234 0.0 884000
1695675696721 0.0 888000
1695675721319 0.0 892000
1695675745743 0.0 896000
1695675769892 0.0 900000
1695675793573 0.0 904000
1695675817577 0.0 908000
1695675841535 0.0 912000
1695675865717 0.0 916000
