1695672410767 5.0000000000000016e-05 364000
1695672434672 5.0000000000000016e-05 368000
1695672460180 5.0000000000000016e-05 372000
1695672484878 5.0000000000000016e-05 376000
1695672510178 5.0000000000000016e-05 380000
1695672535520 5.0000000000000016e-05 384000
1695672561449 5.0000000000000016e-05 388000
1695672587191 5.0000000000000016e-05 392000
1695672613166 5.0000000000000016e-05 396000
1695672638794 5.0000000000000016e-05 400000
1695672664326 5.0000000000000016e-05 404000
1695672689779 5.0000000000000016e-05 408000
1695672716188 5.0000000000000016e-05 412000
1695672741036 5.0000000000000016e-05 416000
1695672764809 5.0000000000000016e-05 420000
1695672788760 5.0000000000000016e-05 424000
1695672812716 5.0000000000000016e-05 428000
1695672836755 5.0000000000000016e-05 432000
1695672860571 5.0000000000000016e-05 436000
1695672884362 5.0000000000000016e-05 440000
1695672908415 5.0000000000000016e-05 444000
1695672932501 5.0000000000000016e-05 448000
1695672956309 5.0000000000000016e-05 452000
1695672980235 5.0000000000000016e-05 456000
1695673004210 5.0000000000000016e-05 460000
1695673027741 5.0000000000000016e-05 464000
1695673052151 5.0000000000000016e-05 468000
1695673078204 5.0000000000000016e-05 472000
1695673103111 5.0000000000000016e-05 476000
1695673127989 5.0000000000000016e-05 480000
1695673152888 5.0000000000000016e-05 484000
1695673177710 5.0000000000000016e-05 488000
1695673202440 5.0000000000000016e-05 492000
1695673229147 5.0000000000000016e-05 496000
1695673257734 5.0000000000000016e-05 500000
1695673285310 5.0000000000000016e-05 504000
1695673312424 5.0000000000000016e-05 508000
1695673340439 5.0000000000000016e-05 512000
1695673365727 5.0000000000000016e-05 516000
1695673391375 5.0000000000000016e-05 520000
1695673415951 5.0000000000000016e-05 524000
1695673440127 5.0000000000000016e-05 528000
1695673464181 5.0000000000000016e-05 532000
1695673488192 5.0000000000000016e-05 536000
1695673512096 5.0000000000000016e-05 540000
1695673536238 5.0000000000000016e-05 544000
1695673560693 5.0000000000000016e-05 548000
1695673585630 5.0000000000000016e-05 552000
1695673610205 5.0000000000000016e-05 556000
1695673635051 5.0000000000000016e-05 560000
1695673659706 5.0000000000000016e-05 564000
1695673684254 5.0000000000000016e-05 568000
1695673708640 5.0000000000000016e-05 572000
1695673732879 5.0000000000000016e-05 576000
1695673757770 5.0000000000000016e-05 580000
1695673782387 5.0000000000000016e-05 584000
1695673807535 5.0000000000000016e-05 588000
1695673832067 5.0000000000000016e-05 592000
1695673856222 5.0000000000000016e-05 596000
1695673880541 5.0000000000000016e-05 600000
1695673904930 5.0000000000000016e-05 604000
1695673929414 5.0000000000000016e-05 608000
1695673953770 5.0000000000000016e-05 612000
1695673978560 5.0000000000000016e-05 616000
1695674003103 5.0000000000000016e-05 620000
1695674027414 5.0000000000000016e-05 624000
1695674051577 5.0000000000000016e-05 628000
1695674076415 5.0000000000000016e-05 632000
1695674101586 5.0000000000000016e-05 636000
1695674127708 5.0000000000000016e-05 640000
1695674152674 5.0000000000000016e-05 644000
1695674178866 5.0000000000000016e-05 648000
1695674203250 5.0000000000000016e-05 652000
1695674227544 5.0000000000000016e-05 656000
1695674253921 5.0000000000000016e-05 660000
1695674280090 5.0000000000000016e-05 664000
1695674308025 5.0000000000000016e-05 668000
1695674339505 5.0000000000000016e-05 672000
1695674364709 5.0000000000000016e-05 676000
1695674389706 5.0000000000000016e-05 680000
1695674416026 5.0000000000000016e-05 684000
1695674441562 5.0000000000000016e-05 688000
1695674466272 5.0000000000000016e-05 692000
1695674490583 5.0000000000000016e-05 696000
1695674514912 5.0000000000000016e-05 700000
1695674539973 5.0000000000000016e-05 704000
1695674564791 5.0000000000000016e-05 708000
1695674591021 5.0000000000000016e-05 712000
1695674616441 5.0000000000000016e-05 716000
1695674640710 5.0000000000000016e-05 720000
1695674664621 5.0000000000000016e-05 724000
1695674689503 5.0000000000000016e-05 728000
1695674715349 5.0000000000000016e-05 732000
1695674741332 5.0000000000000016e-05 736000
1695674765389 5.0000000000000016e-05 740000
1695674789591 5.0000000000000016e-05 744000
1695674814016 5.0000000000000016e-05 748000
1695674838266 5.0000000000000016e-05 752000
1695674862748 5.0000000000000016e-05 756000
1695674887078 5.0000000000000016e-05 760000
1695674912705 5.0000000000000016e-05 764000
1695674937807 5.0000000000000016e-05 768000
1695674962030 5.0000000000000016e-05 772000
1695674986093 5.0000000000000016e-05 776000
1695675010453 5.0000000000000016e-05 780000
1695675034657 5.0000000000000016e-05 784000
1695675058943 5.0000000000000016e-05 788000
1695675084023 5.0000000000000016e-05 792000
1695675109925 5.0000000000000016e-05 796000
1695675135629 5.0000000000000016e-05 800000
1695675165014 5.0000000000000016e-05 804000
1695675190882 5.0000000000000016e-05 808000
1695675216758 5.0000000000000016e-05 812000
1695675241504 5.0000000000000016e-05 816000
1695675266196 5.0000000000000016e-05 820000
1695675290909 5.0000000000000016e-05 824000
1695675315139 5.0000000000000016e-05 828000
1695675339988 5.0000000000000016e-05 832000
1695675364465 5.0000000000000016e-05 836000
1695675388738 5.0000000000000016e-05 840000
1695675415123 5.0000000000000016e-05 844000
1695675440339 5.0000000000000016e-05 848000
1695675465771 5.0000000000000016e-05 852000
1695675490948 5.0000000000000016e-05 856000
1695675516156 5.0000000000000016e-05 860000
1695675541888 5.0000000000000016e-05 864000
1695675568622 5.0000000000000016e-05 868000
1695675595632 5.0000000000000016e-05 872000
1695675622784 5.0000000000000016e-05 876000
1695675647781 5.0000000000000016e-05 880000
1695675672234 5.0000000000000016e-05 884000
1695675696722 5.0000000000000016e-05 888000
1695675721319 5.0000000000000016e-05 892000
1695675745744 5.0000000000000016e-05 896000
1695675769893 5.0000000000000016e-05 900000
1695675793574 5.0000000000000016e-05 904000
1695675817578 5.0000000000000016e-05 908000
1695675841536 5.0000000000000016e-05 912000
1695675865718 5.0000000000000016e-05 916000
