1695672410767 0.001583817601203918 364000
1695672434671 0.0023757264018058775 368000
1695672460179 0.0023757264018058775 372000
1695672484878 0.0035635896027088176 376000
1695672510178 0.0035635896027088176 380000
1695672535520 0.0035635896027088176 384000
1695672561448 0.0035635896027088176 388000
1695672587191 0.0035635896027088176 392000
1695672613166 0.0035635896027088176 396000
1695672638793 0.005345384404063224 400000
1695672664326 0.005345384404063224 404000
1695672689779 0.005345384404063224 408000
1695672716188 0.008018076606094838 412000
1695672741035 0.008018076606094838 416000
1695672764809 0.012027114909142258 420000
1695672788759 0.012027114909142258 424000
1695672812716 0.012027114909142258 428000
1695672836754 0.012027114909142258 432000
1695672860571 0.012027114909142258 436000
1695672884362 0.012027114909142258 440000
1695672908414 0.012027114909142258 444000
1695672932501 0.012027114909142258 448000
1695672956309 0.012027114909142258 452000
1695672980234 0.012027114909142258 456000
1695673004210 0.012027114909142258 460000
1695673027741 0.012027114909142258 464000
1695673052151 0.012027114909142258 468000
1695673078203 0.012027114909142258 472000
1695673103111 0.01804067236371338 476000
1695673127989 0.01804067236371338 480000
1695673152887 0.01804067236371338 484000
1695673177710 0.00902033618185669 488000
1695673202439 0.013530504272785042 492000
1695673229147 0.013530504272785042 496000
1695673257734 0.020295756409177558 500000
1695673285310 0.020295756409177558 504000
1695673312424 0.030443634613766327 508000
1695673340439 0.030443634613766327 512000
1695673365727 0.030443634613766327 516000
1695673391374 0.030443634613766327 520000
1695673415951 0.04566545192064952 524000
1695673440127 0.04566545192064952 528000
1695673464181 0.04566545192064952 532000
1695673488192 0.04566545192064952 536000
1695673512096 0.04566545192064952 540000
1695673536238 0.04566545192064952 544000
1695673560693 0.04566545192064952 548000
1695673585630 0.04566545192064952 552000
1695673610205 0.04566545192064952 556000
1695673635051 0.04566545192064952 560000
1695673659706 0.04566545192064952 564000
1695673684253 0.04566545192064952 568000
1695673708640 0.04566545192064952 572000
1695673732879 0.04566545192064952 576000
1695673757769 0.04566545192064952 580000
1695673782387 0.04566545192064952 584000
1695673807534 0.04566545192064952 588000
1695673832067 0.04566545192064952 592000
1695673856222 0.06849817788097425 596000
1695673880541 0.06849817788097425 600000
1695673904930 0.10274726682146135 604000
1695673929414 0.10274726682146135 608000
1695673953770 0.051373633410730674 612000
1695673978560 0.051373633410730674 616000
1695674003103 0.07706045011609605 620000
1695674027413 0.07706045011609605 624000
1695674051577 0.11559067517414402 628000
1695674076415 0.11559067517414402 632000
1695674101586 0.11559067517414402 636000
1695674127708 0.11559067517414402 640000
1695674152673 0.11559067517414402 644000
1695674178866 0.11559067517414402 648000
1695674203250 0.11559067517414402 652000
1695674227544 0.11559067517414402 656000
1695674253921 0.17338601276121604 660000
1695674280090 0.17338601276121604 664000
1695674308025 0.17338601276121604 668000
1695674339505 0.17338601276121604 672000
1695674364708 0.17338601276121604 676000
1695674389706 0.2600790191418242 680000
1695674416026 0.1300395095709121 684000
1695674441562 0.1300395095709121 688000
1695674466271 0.1300395095709121 692000
1695674490583 0.1300395095709121 696000
1695674514912 0.1300395095709121 700000
1695674539972 0.1300395095709121 704000
1695674564791 0.1300395095709121 708000
1695674591021 0.1300395095709121 712000
1695674616441 0.1300395095709121 716000
1695674640709 0.1300395095709121 720000
1695674664621 0.1300395095709121 724000
1695674689503 0.19505926435636806 728000
1695674715348 0.2925888965345521 732000
1695674741332 0.2925888965345521 736000
1695674765388 0.2925888965345521 740000
1695674789591 0.2925888965345521 744000
1695674814016 0.2925888965345521 748000
1695674838266 0.2925888965345521 752000
1695674862748 0.2925888965345521 756000
1695674887078 0.2925888965345521 760000
1695674912705 0.2925888965345521 764000
1695674937807 0.14629444826727606 768000
1695674962030 0.07314722413363803 772000
1695674986093 0.10972083620045708 776000
1695675010452 0.16458125430068554 780000
1695675034657 0.16458125430068554 784000
1695675058943 0.16458125430068554 788000
1695675084023 0.16458125430068554 792000
1695675109924 0.16458125430068554 796000
1695675135629 0.16458125430068554 800000
1695675165014 0.16458125430068554 804000
1695675190882 0.16458125430068554 808000
1695675216758 0.16458125430068554 812000
1695675241504 0.16458125430068554 816000
1695675266196 0.16458125430068554 820000
1695675290909 0.24687188145102834 824000
1695675315139 0.24687188145102834 828000
1695675339987 0.24687188145102834 832000
1695675364465 0.37030782217654246 836000
1695675388737 0.37030782217654246 840000
1695675415123 0.37030782217654246 844000
1695675440339 0.18515391108827123 848000
1695675465771 0.18515391108827123 852000
1695675490948 0.18515391108827123 856000
1695675516155 0.18515391108827123 860000
1695675541888 0.27773086663240687 864000
1695675568622 0.27773086663240687 868000
1695675595632 0.27773086663240687 872000
1695675622784 0.27773086663240687 876000
1695675647781 0.27773086663240687 880000
1695675672234 0.27773086663240687 884000
1695675696722 0.13886543331620343 888000
1695675721319 0.2082981499743051 892000
1695675745743 0.2082981499743051 896000
1695675769892 0.2082981499743051 900000
1695675793574 0.2082981499743051 904000
1695675817578 0.2082981499743051 908000
1695675841535 0.2082981499743051 912000
1695675865718 0.31244722496145777 916000
