1695672410768 0.3128039752598852 364000
1695672434673 0.3155324216466397 368000
1695672460181 0.2740394592129936 372000
1695672484879 0.3222064790005485 376000
1695672510179 0.3875708501165112 380000
1695672535521 0.31060018432326614 384000
1695672561450 0.35814497045551735 388000
1695672587192 0.3725997406989336 392000
1695672613167 0.4023122634117802 396000
1695672638795 0.2960759595812609 400000
1695672664327 0.28702384207087256 404000
1695672689780 0.37335581130658585 408000
1695672716189 0.5734956183781227 412000
1695672741037 0.5514244623792668 416000
1695672764810 0.47616726408402127 420000
1695672788761 0.41181851238943634 424000
1695672812717 0.24757362760913867 428000
1695672836756 0.29627854061933856 432000
1695672860572 0.32475111971919735 436000
1695672884363 0.2719109514262527 440000
1695672908416 0.38069365808429817 444000
1695672932502 0.252303439580525 448000
1695672956310 0.1846632307395339 452000
1695672980236 0.2546896623292317 456000
1695673004211 0.3562906845317533 460000
1695673027742 0.3933621206631263 464000
1695673052152 0.3455703637873133 468000
1695673078205 0.42532026457289857 472000
1695673103112 0.1237934690512096 476000
1695673127990 0.16969218162897354 480000
1695673152889 0.07345208233843246 484000
1695673177711 0.3954749292849253 488000
1695673202441 0.6287522561537723 492000
1695673229148 0.7370979571094115 496000
1695673257735 0.7808316099147002 500000
1695673285312 0.7356417492032051 504000
1695673312425 0.6115228382249673 508000
1695673340440 0.5231088892556727 512000
1695673365729 0.5459413476598759 516000
1695673391376 0.720126261562109 520000
1695673415952 0.5697482686800261 524000
1695673440128 0.54088137007008 528000
1695673464182 0.5492000978750488 532000
1695673488193 0.5707654476786653 536000
1695673512098 0.4655797557905316 540000
1695673536239 0.43004573153642317 544000
1695673560694 0.3313906527434786 548000
1695673585631 0.31291021855237583 552000
1695673610206 0.3363020633968214 556000
1695673635052 0.26781071454752237 560000
1695673659707 0.27774603678844867 564000
1695673684255 0.36349103747246164 568000
1695673708641 0.3177405089450379 572000
1695673732880 0.32804112980763117 576000
1695673757771 0.2927210104496529 580000
1695673782388 0.3292614188045263 584000
1695673807536 0.25482920625557504 588000
1695673832069 0.32042873273603617 592000
1695673856224 0.36572494911961256 596000
1695673880542 0.4599717678191761 600000
1695673904931 0.22555085068258146 604000
1695673929415 0.14158522436240067 608000
1695673953771 0.1373270619272565 612000
1695673978561 0.21185596247669308 616000
1695674003104 0.2848503631850084 620000
1695674027415 0.37078336236688 624000
1695674051578 0.35159544764707484 628000
1695674076416 0.3718557982860754 632000
1695674101587 0.4998142012394965 636000
1695674127709 0.29773073410615325 640000
1695674152675 0.2066083623562008 644000
1695674178867 0.18875819051172585 648000
1695674203251 0.17068531424738467 652000
1695674227545 0.3876158873240153 656000
1695674253922 0.36816509754086535 660000
1695674280092 0.4087238744677355 664000
1695674308026 0.3987522351089865 668000
1695674339506 0.4200237788570424 672000
1695674364710 0.5477730278701832 676000
1695674389707 0.2319760146473224 680000
1695674416027 0.20640908646940564 684000
1695674441564 0.15308842536372444 688000
1695674466273 0.23926756431659063 692000
1695674490584 0.38198317545466126 696000
1695674514913 0.35547766398328046 700000
1695674539974 0.2892453202512115 704000
1695674564792 0.2592399073764682 708000
1695674591022 0.28246726777094106 712000
1695674616442 0.5094087694461147 716000
1695674640711 0.3150168773562958 720000
1695674664622 0.2924606486534079 724000
1695674689504 0.39634673919839164 728000
1695674715350 0.31090520904399455 732000
1695674741333 0.29567255966054895 736000
1695674765390 0.20688971693937977 740000
1695674789592 0.3398086103921135 744000
1695674814017 0.2917957577233513 748000
1695674838267 0.3643724337996294 752000
1695674862749 0.24086461793631314 756000
1695674887079 0.18761457003032167 760000
1695674912706 0.19813837515345464 764000
1695674937808 0.150246914398546 768000
1695674962031 0.1681062774810319 772000
1695674986094 0.18950654540288572 776000
1695675010454 0.23401122709425787 780000
1695675034658 0.24088206517044455 784000
1695675058944 0.2971904157660902 788000
1695675084024 0.22061295836853484 792000
1695675109926 0.4055484959234794 796000
1695675135630 0.45464703797673184 800000
1695675165015 0.22605167728227873 804000
1695675190883 0.18844447616332521 808000
1695675216759 0.20574229146974782 812000
1695675241505 0.17030059859001387 816000
1695675266197 0.25180470359822116 820000
1695675290910 0.16652983302871385 824000
1695675315140 0.2071301470355441 828000
1695675339989 0.3044749542760352 832000
1695675364466 0.24637150894074392 836000
1695675388739 0.2541716483887285 840000
1695675415124 0.13213927242904902 844000
1695675440340 0.2423919317467759 848000
1695675465772 0.18774295661132784 852000
1695675490949 0.24078938510889808 856000
1695675516157 0.24668236719444395 860000
1695675541889 0.4076111910864711 864000
1695675568623 0.2745697020475442 868000
1695675595633 0.17862959942625214 872000
1695675622785 0.1997678474911178 876000
1695675647782 0.1539736635594939 880000
1695675672235 0.11437845271624004 884000
1695675696723 0.166310756005502 888000
1695675721320 0.23276947488387426 892000
1695675745745 0.6548002391122282 896000
1695675769894 0.8087195390835404 900000
1695675793575 0.7404159540310502 904000
1695675817579 0.6536130295135081 908000
1695675841537 0.5420472762236993 912000
1695675865719 0.3286040311213583 916000
