1695672410768 0.0010000000000000005 364000
1695672434673 0.0010000000000000005 368000
1695672460181 0.0010000000000000005 372000
1695672484879 0.0010000000000000005 376000
1695672510179 0.0010000000000000005 380000
1695672535521 0.0010000000000000005 384000
1695672561450 0.0010000000000000005 388000
1695672587192 0.0010000000000000005 392000
1695672613168 0.0010000000000000005 396000
1695672638795 0.0010000000000000005 400000
1695672664327 0.0010000000000000005 404000
1695672689780 0.0010000000000000005 408000
1695672716189 0.0010000000000000005 412000
1695672741037 0.0010000000000000005 416000
1695672764811 0.0010000000000000005 420000
1695672788761 0.0010000000000000005 424000
1695672812717 0.0010000000000000005 428000
1695672836756 0.0010000000000000005 432000
1695672860572 0.0010000000000000005 436000
1695672884364 0.0010000000000000005 440000
1695672908416 0.0010000000000000005 444000
1695672932502 0.0010000000000000005 448000
1695672956310 0.0010000000000000005 452000
1695672980236 0.0010000000000000005 456000
1695673004211 0.0010000000000000005 460000
1695673027742 0.0010000000000000005 464000
1695673052153 0.0010000000000000005 468000
1695673078205 0.0010000000000000005 472000
1695673103112 0.0010000000000000005 476000
1695673127990 0.0010000000000000005 480000
1695673152889 0.0010000000000000005 484000
1695673177712 0.0010000000000000005 488000
1695673202441 0.0010000000000000005 492000
1695673229148 0.0010000000000000005 496000
1695673257735 0.0010000000000000005 500000
1695673285312 0.0010000000000000005 504000
1695673312425 0.0010000000000000005 508000
1695673340441 0.0010000000000000005 512000
1695673365729 0.0010000000000000005 516000
1695673391376 0.0010000000000000005 520000
1695673415952 0.0010000000000000005 524000
1695673440128 0.0010000000000000005 528000
1695673464183 0.0010000000000000005 532000
1695673488193 0.0010000000000000005 536000
1695673512098 0.0010000000000000005 540000
1695673536239 0.0010000000000000005 544000
1695673560694 0.0010000000000000005 548000
1695673585631 0.0010000000000000005 552000
1695673610206 0.0010000000000000005 556000
1695673635052 0.0010000000000000005 560000
1695673659708 0.0010000000000000005 564000
1695673684255 0.0010000000000000005 568000
1695673708642 0.0010000000000000005 572000
1695673732881 0.0010000000000000005 576000
1695673757771 0.0010000000000000005 580000
1695673782388 0.0010000000000000005 584000
1695673807536 0.0010000000000000005 588000
1695673832069 0.0010000000000000005 592000
1695673856224 0.0010000000000000005 596000
1695673880543 0.0010000000000000005 600000
1695673904931 0.0010000000000000005 604000
1695673929415 0.0010000000000000005 608000
1695673953771 0.0010000000000000005 612000
1695673978561 0.0010000000000000005 616000
1695674003104 0.0010000000000000005 620000
1695674027415 0.0010000000000000005 624000
1695674051579 0.0010000000000000005 628000
1695674076416 0.0010000000000000005 632000
1695674101587 0.0010000000000000005 636000
1695674127709 0.0010000000000000005 640000
1695674152675 0.0010000000000000005 644000
1695674178868 0.0010000000000000005 648000
1695674203252 0.0010000000000000005 652000
1695674227546 0.0010000000000000005 656000
1695674253923 0.0010000000000000005 660000
1695674280092 0.0010000000000000005 664000
1695674308027 0.0010000000000000005 668000
1695674339506 0.0010000000000000005 672000
1695674364710 0.0010000000000000005 676000
1695674389707 0.0010000000000000005 680000
1695674416028 0.0010000000000000005 684000
1695674441564 0.0010000000000000005 688000
1695674466273 0.0010000000000000005 692000
1695674490584 0.0010000000000000005 696000
1695674514914 0.0010000000000000005 700000
1695674539974 0.0010000000000000005 704000
1695674564792 0.0010000000000000005 708000
1695674591022 0.0010000000000000005 712000
1695674616443 0.0010000000000000005 716000
1695674640711 0.0010000000000000005 720000
1695674664622 0.0010000000000000005 724000
1695674689504 0.0010000000000000005 728000
1695674715350 0.0010000000000000005 732000
1695674741333 0.0010000000000000005 736000
1695674765390 0.0010000000000000005 740000
1695674789592 0.0010000000000000005 744000
1695674814017 0.0010000000000000005 748000
1695674838267 0.0010000000000000005 752000
1695674862749 0.0010000000000000005 756000
1695674887080 0.0010000000000000005 760000
1695674912706 0.0010000000000000005 764000
1695674937808 0.0010000000000000005 768000
1695674962031 0.0010000000000000005 772000
1695674986095 0.0010000000000000005 776000
1695675010454 0.0010000000000000005 780000
1695675034659 0.0010000000000000005 784000
1695675058944 0.0010000000000000005 788000
1695675084024 0.0010000000000000005 792000
1695675109926 0.0010000000000000005 796000
1695675135630 0.0010000000000000005 800000
1695675165015 0.0010000000000000005 804000
1695675190883 0.0010000000000000005 808000
1695675216759 0.0010000000000000005 812000
1695675241505 0.0010000000000000005 816000
1695675266197 0.0010000000000000005 820000
1695675290911 0.0010000000000000005 824000
1695675315140 0.0010000000000000005 828000
1695675339989 0.0010000000000000005 832000
1695675364466 0.0010000000000000005 836000
1695675388739 0.0010000000000000005 840000
1695675415124 0.0010000000000000005 844000
1695675440340 0.0010000000000000005 848000
1695675465773 0.0010000000000000005 852000
1695675490950 0.0010000000000000005 856000
1695675516157 0.0010000000000000005 860000
1695675541889 0.0010000000000000005 864000
1695675568623 0.0010000000000000005 868000
1695675595634 0.0010000000000000005 872000
1695675622785 0.0010000000000000005 876000
1695675647783 0.0010000000000000005 880000
1695675672235 0.0010000000000000005 884000
1695675696723 0.0010000000000000005 888000
1695675721321 0.0010000000000000005 892000
1695675745745 0.0010000000000000005 896000
1695675769894 0.0010000000000000005 900000
1695675793575 0.0010000000000000005 904000
1695675817579 0.0010000000000000005 908000
1695675841537 0.0010000000000000005 912000
1695675865719 0.0010000000000000005 916000
