1695672410766 1.1097661885122458 364000
1695672434671 1.4292931164304414 368000
1695672460179 1.3485194161223868 372000
1695672484878 1.2196094416081906 376000
1695672510178 1.4482307882048189 380000
1695672535519 1.3310370062477888 384000
1695672561448 1.2898972089091936 388000
1695672587191 1.3111892696780463 392000
1695672613166 1.3087994886562229 396000
1695672638793 1.503697245909522 400000
1695672664326 1.3859478212272127 404000
1695672689778 1.4155436534434558 408000
1695672716188 1.7818184666335584 412000
1695672741035 1.6898223221302033 416000
1695672764809 1.4211250623998544 420000
1695672788759 1.5263921914622187 424000
1695672812716 1.0035773838559787 428000
1695672836754 1.4629676347598433 432000
1695672860571 1.6480977721201877 436000
1695672884362 1.4926442083592215 440000
1695672908414 1.370506530161947 444000
1695672932500 1.1657456983656933 448000
1695672956308 1.367372645329063 452000
1695672980234 1.3988192275787392 456000
1695673004210 1.4778590904238322 460000
1695673027741 1.7136767097438375 464000
1695673052151 1.735294967579345 468000
1695673078203 1.6861406425014138 472000
1695673103111 1.0305415353892993 476000
1695673127988 1.298744743084535 480000
1695673152887 0.6903514061811923 484000
1695673177710 1.8214783737435938 488000
1695673202439 1.590045629007121 492000
1695673229147 1.6421182785804074 496000
1695673257733 1.6199848886579276 500000
1695673285310 1.4972221402451396 504000
1695673312424 1.5912043864528338 508000
1695673340439 1.478682492611309 512000
1695673365727 1.6948651781926551 516000
1695673391374 1.7325315464287996 520000
1695673415951 1.765512472887834 524000
1695673440127 1.670393908644716 528000
1695673464181 1.714913712317745 532000
1695673488192 1.7146815024937192 536000
1695673512096 1.617324649480482 540000
1695673536237 1.6115160041799148 544000
1695673560693 1.419945581226299 548000
1695673585630 1.4089712611399592 552000
1695673610205 1.5564074305817486 556000
1695673635051 1.4178598294034601 560000
1695673659706 1.2354018971323968 564000
1695673684253 1.5150229847058654 568000
1695673708640 1.4131868249426285 572000
1695673732879 1.3561933276553948 576000
1695673757769 1.4050272032618523 580000
1695673782386 1.623440835935374 584000
1695673807534 1.4108093971696993 588000
1695673832067 1.3480097980548937 592000
1695673856222 1.6284929625069102 596000
1695673880541 1.5403817058851321 600000
1695673904930 1.428892696928233 604000
1695673929413 1.4296357783178488 608000
1695673953770 1.1405706980265677 612000
1695673978559 1.4859632141888142 616000
1695674003102 1.6530594807118177 620000
1695674027413 2.0445406089847284 624000
1695674051577 1.5950090007235607 628000
1695674076415 1.6804675929869215 632000
1695674101586 1.8826972818002106 636000
1695674127708 1.5053039224197466 640000
1695674152673 1.7381385392819841 644000
1695674178866 1.4100412253290415 648000
1695674203250 1.7516700707996884 652000
1695674227544 1.6978462462623913 656000
1695674253921 1.6653930864607294 660000
1695674280090 1.5405387129634618 664000
1695674308025 1.7927854341765246 668000
1695674339504 1.5601198128114144 672000
1695674364708 1.6903195537005862 676000
1695674389706 1.600526813728114 680000
1695674416026 1.4725653490362067 684000
1695674441562 1.2322382511260608 688000
1695674466271 1.3151021275048456 692000
1695674490583 1.464726479848226 696000
1695674514912 1.5668823643277088 700000
1695674539972 1.3986816897056997 704000
1695674564791 1.5241550875206789 708000
1695674591021 1.3189272142325839 712000
1695674616441 1.7346048162008325 716000
1695674640709 1.3863891497254373 720000
1695674664621 1.2783162673003972 724000
1695674689502 1.7724188276877006 728000
1695674715348 1.4298701166796188 732000
1695674741332 1.330145155886809 736000
1695674765388 1.0407034957005332 740000
1695674789591 1.5888338298536837 744000
1695674814015 1.3288708892030021 748000
1695674838266 1.3331183642459412 752000
1695674862748 1.3734465375542642 756000
1695674887078 1.1636872002544503 760000
1695674912705 1.3577827834524214 764000
1695674937807 0.8623000222025439 768000
1695674962030 1.082451056673502 772000
1695674986093 0.895175750212123 776000
1695675010452 1.5612022846005857 780000
1695675034657 1.3217423351791997 784000
1695675058942 1.6198426368956764 788000
1695675084022 1.4192630594130606 792000
1695675109924 1.662009384483099 796000
1695675135628 1.691988657352825 800000
1695675165013 1.1073050474282353 804000
1695675190882 1.0899521547059219 808000
1695675216758 1.2634692134646077 812000
1695675241504 1.0976113461578885 816000
1695675266195 1.4808484898259242 820000
1695675290909 1.0694751113963623 824000
1695675315138 1.5544053725277385 828000
1695675339987 1.6981771757205328 832000
1695675364465 1.5157964730635285 836000
1695675388737 1.3906857123598457 840000
1695675415123 1.1211152688755344 844000
1695675440339 1.571104639582336 848000
1695675465771 1.0038744152834018 852000
1695675490948 1.2485220761038363 856000
1695675516155 1.230168793257326 860000
1695675541887 1.4310916017740964 864000
1695675568621 1.4335104990750551 868000
1695675595632 0.8293651920432846 872000
1695675622783 1.0151728827351083 876000
1695675647781 1.0769694102462382 880000
1695675672234 0.7756594188744202 884000
1695675696721 0.834508815376709 888000
1695675721319 1.166875813389197 892000
1695675745743 1.6675894561534126 896000
1695675769892 1.8437593124806881 900000
1695675793573 1.434443755199512 904000
1695675817577 1.1096551774690548 908000
1695675841535 1.455114605401953 912000
1695675865718 1.3263399850266675 916000
