1695672410768 0.046473195560259827 364000
1695672434673 0.012097338400158482 368000
1695672460180 0.02416016458567659 372000
1695672484879 0.00918899022189686 376000
1695672510179 0.01960267211695612 380000
1695672535521 0.00669017538563151 384000
1695672561449 0.013098641647333733 388000
1695672587192 0.009384203189372897 392000
1695672613167 0.02997448595425371 396000
1695672638795 0.013520568236881065 400000
1695672664327 0.016578635669001602 404000
1695672689780 0.06343837055214593 408000
1695672716189 0.018496810832208645 412000
1695672741036 0.020273369380954247 416000
1695672764810 0.013152049906197286 420000
1695672788760 0.010939247715934717 424000
1695672812717 0.009288287008142137 428000
1695672836756 0.009836908613236228 432000
1695672860572 0.009195601866755018 436000
1695672884363 0.007597323002584354 440000
1695672908416 0.0067996752929876374 444000
1695672932502 0.014307958742842193 448000
1695672956310 0.010165579593909619 452000
1695672980236 0.00849001786311856 456000
1695673004211 0.012785060965819006 460000
1695673027742 0.014017421092160021 464000
1695673052152 0.007559006052859396 468000
1695673078204 0.027124301579012428 472000
1695673103112 0.008370617569126496 476000
1695673127990 0.00813372495819604 480000
1695673152889 0.0030149266117017585 484000
1695673177711 0.03452006789554597 488000
1695673202441 0.016169225555087968 492000
1695673229148 0.024388561697979108 496000
1695673257735 0.015193764041222111 500000
1695673285311 0.041137731972732725 504000
1695673312425 0.01541567183864269 508000
1695673340440 0.016477968813657002 512000
1695673365728 0.01223830874065358 516000
1695673391376 0.032753209520217756 520000
1695673415952 0.0161008282976051 524000
1695673440128 0.01170115755308491 528000
1695673464182 0.01204233394312099 532000
1695673488193 0.012135208933406088 536000
1695673512098 0.00890367651126303 540000
1695673536239 0.011524842377932332 544000
1695673560694 0.008102777046271587 548000
1695673585631 0.008040006413591528 552000
1695673610206 0.00913985393985887 556000
1695673635052 0.00941723907647732 560000
1695673659707 0.008706270580518231 564000
1695673684255 0.011078749651707971 568000
1695673708641 0.013187206731555535 572000
1695673732880 0.010076680148464495 576000
1695673757771 0.008126196415858435 580000
1695673782388 0.018250609575843693 584000
1695673807536 0.006947096033753759 588000
1695673832068 0.02244965764003674 592000
1695673856223 0.01791310351926336 596000
1695673880542 0.020780338319417675 600000
1695673904931 0.007071245928273658 604000
1695673929415 0.0047247565528646725 608000
1695673953771 0.007200999663535513 612000
1695673978561 0.031507325438536044 616000
1695674003104 0.010972218550602354 620000
1695674027415 0.02196561085263809 624000
1695674051578 0.010784308733742842 628000
1695674076416 0.00993954480810553 632000
1695674101587 0.015132805905711299 636000
1695674127709 0.007119247690522961 640000
1695674152674 0.0074958618479118635 644000
1695674178867 0.006087978363569846 648000
1695674203251 0.008570700662077494 652000
1695674227545 0.03061355903996125 656000
1695674253922 0.011318855439406238 660000
1695674280091 0.010220055751237493 664000
1695674308026 0.011328110481914707 668000
1695674339506 0.014412756185026975 672000
1695674364710 0.020625350334555516 676000
1695674389707 0.0027415726271827717 680000
1695674416027 0.008548650661298616 684000
1695674441563 0.005194800246816082 688000
1695674466273 0.007613692781465057 692000
1695674490584 0.010171819729557304 696000
1695674514913 0.012735338649091411 700000
1695674539973 0.006241504864093343 704000
1695674564792 0.008634041266364845 708000
1695674591022 0.01047919875148106 712000
1695674616442 0.010927703493690426 716000
1695674640711 0.008504284589518867 720000
1695674664622 0.03563442774617229 724000
1695674689504 0.025583888924043136 728000
1695674715350 0.006057060478473867 732000
1695674741333 0.006989420875822089 736000
1695674765390 0.007714385182825455 740000
1695674789592 0.007467994262157351 744000
1695674814017 0.007179328227371448 748000
1695674838267 0.007723346591015863 752000
1695674862749 0.019820031194158618 756000
1695674887079 0.011510384608383125 760000
1695674912706 0.004645367591020698 764000
1695674937808 0.0042754178055746436 768000
1695674962031 0.03196309929494003 772000
1695674986094 0.024179363096146638 776000
1695675010454 0.01554328353300104 780000
1695675034658 0.009964600432438905 784000
1695675058944 0.009539126942165988 788000
1695675084024 0.008976843850024641 792000
1695675109925 0.012681690788829084 796000
1695675135630 0.009175875698058085 800000
1695675165015 0.013542150942440235 804000
1695675190883 0.009531228023229706 808000
1695675216759 0.01706628838730408 812000
1695675241505 0.009811881710458548 816000
1695675266197 0.02757067972501345 820000
1695675290910 0.014876832788014611 824000
1695675315140 0.006596255523887806 828000
1695675339989 0.027652685006324874 832000
1695675364466 0.013331755528050356 836000
1695675388738 0.008783569176508651 840000
1695675415124 0.0038526035085662057 844000
1695675440340 0.010225174816541008 848000
1695675465772 0.005152514454997779 852000
1695675490949 0.007383943548379342 856000
1695675516157 0.024220223868587708 860000
1695675541889 0.015941389865182048 864000
1695675568623 0.007209523905100958 868000
1695675595633 0.0058600926566661805 872000
1695675622785 0.00878860828892584 876000
1695675647782 0.0053852943625137635 880000
1695675672235 0.004081973729440197 884000
1695675696723 0.022817102059570753 888000
1695675721320 0.009100381677362183 892000
1695675745745 0.013798133014860285 896000
1695675769894 0.017777581328787262 900000
1695675793575 0.009978233249791302 904000
1695675817579 0.010251657417247392 908000
1695675841536 0.02163696553998813 912000
1695675865719 0.006321551175214262 916000
