1695672410767 -0.025648459500128715 364000
1695672434672 -0.014203754776584294 368000
1695672460180 -0.013451233721085979 372000
1695672484878 -0.014201219315873459 376000
1695672510178 -0.02275400145542032 380000
1695672535520 -0.007578024952575409 384000
1695672561449 -0.0121618740837827 388000
1695672587192 -0.011619743847162075 392000
1695672613167 -0.03997054717619904 396000
1695672638794 -0.0151347092440119 400000
1695672664326 -0.012252597810341588 404000
1695672689779 -0.021329082610706488 408000
1695672716189 -0.016820291064019936 412000
1695672741036 -0.020829739529532768 416000
1695672764810 -0.01677413034703932 420000
1695672788760 -0.013753087730826034 424000
1695672812717 -0.01210176372017789 428000
1695672836755 -0.014382074964669301 432000
1695672860571 -0.01312290919352866 436000
1695672884363 -0.01513826705389268 440000
1695672908415 -0.011110624210171711 444000
1695672932501 -0.016385342331583768 448000
1695672956309 -0.016702407045765238 452000
1695672980235 -0.017918955002824078 456000
1695673004210 -0.020116373857793707 460000
1695673027741 -0.02171987994928107 464000
1695673052152 -0.013105862272398856 468000
1695673078204 -0.0213928416693913 472000
1695673103112 -0.010173656977228045 476000
1695673127989 -0.022614750359692456 480000
1695673152888 -0.017608761817003445 484000
1695673177711 -0.0227961059397785 488000
1695673202440 -0.022034889315546025 492000
1695673229147 -0.028827848707927237 496000
1695673257734 -0.022713824328093324 500000
1695673285311 -0.05020539302010244 504000
1695673312424 -0.018640421870562324 508000
1695673340440 -0.02362489385001633 512000
1695673365728 -0.02046231847634772 516000
1695673391375 -0.03125292650996319 520000
1695673415952 -0.01632545191217408 524000
1695673440127 -0.019633602695103038 528000
1695673464182 -0.019117358727332126 532000
1695673488193 -0.015781252381566448 536000
1695673512097 -0.01469918870619343 540000
1695673536238 -0.018261460110079498 544000
1695673560693 -0.018166368693346157 548000
1695673585630 -0.017812813598599556 552000
1695673610205 -0.015644387944485062 556000
1695673635051 -0.019040791434720934 560000
1695673659707 -0.015800530208070995 564000
1695673684254 -0.018918650142344024 568000
1695673708641 -0.02169727247285967 572000
1695673732880 -0.016602158476841093 576000
1695673757770 -0.01592390497996045 580000
1695673782387 -0.025053694654343418 584000
1695673807535 -0.015014603431336582 588000
1695673832068 -0.025533701893194424 592000
1695673856223 -0.021555230035058534 596000
1695673880542 -0.023300850145703104 600000
1695673904930 -0.014844966369128087 604000
1695673929414 -0.012893603485523878 608000
1695673953770 -0.015647118628112366 612000
1695673978560 -0.04663262482208665 616000
1695674003103 -0.016747876902324304 620000
1695674027414 -0.029062785533218023 624000
1695674051578 -0.021858002745527 628000
1695674076415 -0.022409415033083253 632000
1695674101586 -0.02128829083861395 636000
1695674127709 -0.01442742096890773 640000
1695674152674 -0.020059983978717354 644000
1695674178867 -0.018157417007508534 648000
1695674203251 -0.018388581874023657 652000
1695674227545 -0.03381155927612175 656000
1695674253922 -0.022333219414576888 660000
1695674280091 -0.023771910298091826 664000
1695674308026 -0.022037885666456227 668000
1695674339505 -0.02814566278490626 672000
1695674364709 -0.02654717424423628 676000
1695674389707 -0.010090555811378485 680000
1695674416027 -0.022247543197348327 684000
1695674441563 -0.015478478470807506 688000
1695674466272 -0.015092827179129624 692000
1695674490584 -0.021321279692832224 696000
1695674514913 -0.022572557779737205 700000
1695674539973 -0.015435688562865835 704000
1695674564791 -0.023783632163637474 708000
1695674591021 -0.023656368135319402 712000
1695674616442 -0.02023949020949658 716000
1695674640710 -0.01944175237197972 720000
1695674664621 -0.037726269559789215 724000
1695674689503 -0.029552253462558534 728000
1695674715349 -0.01682657577912323 732000
1695674741333 -0.01757421015621124 736000
1695674765389 -0.017501137360037926 740000
1695674789591 -0.017588790214358597 744000
1695674814016 -0.014482213321510546 748000
1695674838266 -0.016691799387141753 752000
1695674862748 -0.030348697939674214 756000
1695674887079 -0.023168871547143984 760000
1695674912705 -0.011116678173857508 764000
1695674937807 -0.008374174380878684 768000
1695674962031 -0.030504008256927288 772000
1695674986094 -0.023391279747496205 776000
1695675010453 -0.01888355530196956 780000
1695675034658 -0.019419864823188013 784000
1695675058943 -0.022280081269855145 788000
1695675084023 -0.016519267002877314 792000
1695675109925 -0.01818719597431482 796000
1695675135629 -0.020232149564496163 800000
1695675165014 -0.01767101900816973 804000
1695675190882 -0.017394589350927466 808000
1695675216758 -0.0138675652781482 812000
1695675241505 -0.01163233530096477 816000
1695675266196 -0.026679258674994343 820000
1695675290910 -0.019024724568589592 824000
1695675315139 -0.010941874873484874 828000
1695675339988 -0.036441507934553856 832000
1695675364465 -0.022358651199222854 836000
1695675388738 -0.012678721158105569 840000
1695675415123 -0.01322281161507514 844000
1695675440339 -0.020148699063186844 848000
1695675465772 -0.010164546348096336 852000
1695675490949 -0.01558176018273419 856000
1695675516156 -0.023528547796498364 860000
1695675541888 -0.01993435730182682 864000
1695675568622 -0.0144219481779146 868000
1695675595633 -0.008676876986282878 872000
1695675622784 -0.011728976571854824 876000
1695675647782 -0.007287462196836713 880000
1695675672234 -0.008041749047697522 884000
1695675696722 -0.031218879933294374 888000
1695675721320 -0.01722163193335291 892000
1695675745744 -0.018941891932142123 896000
1695675769893 -0.01991202935120479 900000
1695675793574 -0.014782297786102088 904000
1695675817578 -0.010889562101632085 908000
1695675841536 -0.022056837272975825 912000
1695675865718 -0.012845080975724461 916000
