1695672410767 -0.0112753584299071 364000
1695672434672 -0.006087622693303274 368000
1695672460180 -0.011879143126028188 372000
1695672484878 -0.0037979967520944532 376000
1695672510178 -0.01714796341101798 380000
1695672535520 -0.0016823179087926594 384000
1695672561449 -0.006564694665000085 388000
1695672587191 0.0025529439009460476 392000
1695672613167 -0.032011282487231556 396000
1695672638794 -0.00012390172984548067 400000
1695672664326 -0.0008500929935735257 404000
1695672689779 0.0005567527892784104 408000
1695672716188 -0.005190735610995034 412000
1695672741036 -0.013224177572707656 416000
1695672764810 -0.013871200804229981 420000
1695672788760 -0.005349976535793151 424000
1695672812716 -0.008354625768879487 428000
1695672836755 -0.009948431416705716 432000
1695672860571 -0.009359113232570356 436000
1695672884363 -0.009007389524970221 440000
1695672908415 -0.007467264311677961 444000
1695672932501 -0.008962797519628415 448000
1695672956309 -0.013775257408065044 452000
1695672980235 -0.012472362277033728 456000
1695673004210 -0.011791424817988626 460000
1695673027741 -0.013761241590797606 464000
1695673052152 -0.00875791804257157 468000
1695673078204 -0.014339032427566659 472000
1695673103111 -0.005080569031330621 476000
1695673127989 -0.018758050852375162 480000
1695673152888 -0.017456815881898062 484000
1695673177711 -0.016148876834715036 488000
1695673202440 -0.011772089847393847 492000
1695673229147 -0.020145786077932826 496000
1695673257734 -0.015417863968135255 500000
1695673285311 -0.03528805255302056 504000
1695673312424 -0.008281251128573785 508000
1695673340439 -0.008945243179611376 512000
1695673365727 -0.010644282188362315 516000
1695673391375 -0.017646475979927346 520000
1695673415951 0.003884465264642737 524000
1695673440127 0.001085100782772012 528000
1695673464182 -0.002180751177274942 532000
1695673488192 -0.0006865930843863074 536000
1695673512096 0.004360577710182649 540000
1695673536238 -0.006940080492495326 544000
1695673560693 -0.007741856168740924 548000
1695673585630 -0.010796500930973707 552000
1695673610205 -0.006429725172226123 556000
1695673635051 -0.012425665355476668 560000
1695673659707 -0.0035870416524024524 564000
1695673684254 -0.00802577589026138 568000
1695673708640 -0.013238123778804341 572000
1695673732879 -0.0010613065948139897 576000
1695673757770 -0.002981896097056354 580000
1695673782387 -0.012929657805671013 584000
1695673807535 -0.0042241643025136 588000
1695673832068 -0.017073078878820525 592000
1695673856223 -0.011956640542363554 596000
1695673880542 -0.014892824734943133 600000
1695673904930 -0.0076322370278830935 604000
1695673929414 -0.008467037252679195 608000
1695673953770 -0.01073966145063423 612000
1695673978560 -0.04014574405009626 616000
1695674003103 -0.010460964098092518 620000
1695674027414 -0.025885583173536966 624000
1695674051577 -0.015058422999027243 628000
1695674076415 -0.010811162978219121 632000
1695674101586 -0.0027577562018753572 636000
1695674127708 -0.0012844200629236488 640000
1695674152674 -0.01044028541488539 644000
1695674178867 -0.011714077605938655 648000
1695674203251 -0.01322589147924494 652000
1695674227545 -0.023171633784537942 656000
1695674253921 -0.013608409569436238 660000
1695674280091 -0.013752620630172411 664000
1695674308025 -0.009596839850261555 668000
1695674339505 -0.01804098528906858 672000
1695674364709 -0.012539049267434165 676000
1695674389706 -0.005218343370203608 680000
1695674416026 -0.01622706564224548 684000
1695674441563 -0.010249135567194874 688000
1695674466272 -0.0072137416298573955 692000
1695674490583 -0.011641145823098971 696000
1695674514913 -0.006026081431567339 700000
1695674539973 -0.008481419812475603 704000
1695674564791 -0.016502933752811564 708000
1695674591021 -0.017028441879786745 712000
1695674616442 -0.011024247923948375 716000
1695674640710 -0.008145464414095234 720000
1695674664621 -0.021760540611406518 724000
1695674689503 -0.013897043148851177 728000
1695674715349 -0.0044170522248653775 732000
1695674741332 -0.0025566846115604373 736000
1695674765389 -0.008392536946424419 740000
1695674789591 -0.00384907645493513 744000
1695674814016 -0.00581395555727795 748000
1695674838266 -0.0025942466419413297 752000
1695674862748 -0.01591890970824655 756000
1695674887079 -0.012062849238645867 760000
1695674912705 -0.000453491377569056 764000
1695674937807 -0.0015215104459154341 768000
1695674962030 -0.020940699769289493 772000
1695674986093 -0.011693459774475438 776000
1695675010453 -0.009533234356786125 780000
1695675034657 -0.006967050564465656 784000
1695675058943 -0.013183499531138902 788000
1695675084023 -0.00582601860902893 792000
1695675109925 -0.006407987906883742 796000
1695675135629 -0.007345995520032981 800000
1695675165014 -0.008222692697260451 804000
1695675190882 -0.009575944004791382 808000
1695675216758 -0.0035038259858993113 812000
1695675241504 0.0016264723675703864 816000
1695675266196 -0.015114565156666988 820000
1695675290910 -0.002218886643155808 824000
1695675315139 0.0018157733443028216 828000
1695675339988 -0.02053714877644476 832000
1695675364465 -0.011432257481040627 836000
1695675388738 0.0019832793111466645 840000
1695675415123 -0.004869469224346782 844000
1695675440339 -0.010132090933984728 848000
1695675465772 0.0032166302408465222 852000
1695675490949 -0.007269900195266624 856000
1695675516156 -0.01238862228292419 860000
1695675541888 -0.009113998522540594 864000
1695675568622 -0.005439496224425966 868000
1695675595632 5.776662189115693e-05 872000
1695675622784 -0.002818347075905573 876000
1695675647781 0.0008747916991827272 880000
1695675672234 -0.0007344000265826859 884000
1695675696722 -0.021857863978948445 888000
1695675721320 -0.006876931543714212 892000
1695675745744 -0.00588300154395256 896000
1695675769893 -0.013270193961701201 900000
1695675793574 -0.008444271024685198 904000
1695675817578 -0.000636786002238902 908000
1695675841536 -0.00953371811240989 912000
1695675865718 -0.0018644456977199297 916000
