1695672410767 0.396222296419243 364000
1695672434672 0.5567601763332883 368000
1695672460180 0.614925344971319 372000
1695672484879 0.7333252524336179 376000
1695672510179 0.39580170543243487 380000
1695672535521 0.4307792331402501 384000
1695672561449 0.6594273144379258 388000
1695672587192 0.7274286581824223 392000
1695672613167 0.7887976920232177 396000
1695672638794 0.7385005360469222 400000
1695672664327 0.813355155972143 404000
1695672689779 0.7619550856451194 408000
1695672716189 0.8253150076915821 412000
1695672741036 0.8886326342200239 416000
1695672764810 0.9090291481465101 420000
1695672788760 0.9054647323985895 424000
1695672812717 0.9284120056778192 428000
1695672836755 0.9107535623013974 432000
1695672860572 0.9379288141305248 436000
1695672884363 0.8778740323459109 440000
1695672908415 0.9245674382895231 444000
1695672932502 0.9118952345723907 448000
1695672956309 0.9510333600143591 452000
1695672980235 0.9445811750988166 456000
1695673004211 0.8973079321285089 460000
1695673027742 0.8116949077695608 464000
1695673052152 0.8567857319489122 468000
1695673078204 0.9203857698788246 472000
1695673103112 0.9138362115869919 476000
1695673127990 0.8941382082179189 480000
1695673152888 0.703472938388586 484000
1695673177711 0.892280798094968 488000
1695673202440 0.8149341044326623 492000
1695673229148 0.8626854625840982 496000
1695673257735 0.8965057328964273 500000
1695673285311 0.8080929150183995 504000
1695673312425 0.8981818775335948 508000
1695673340440 0.8486035787810882 512000
1695673365728 0.8901698543379705 516000
1695673391375 0.8068531813099981 520000
1695673415952 0.7846466298525532 524000
1695673440128 0.720252193386356 528000
1695673464182 0.7702222529177865 532000
1695673488193 0.8020996805901329 536000
1695673512097 0.7301557970543703 540000
1695673536239 0.8593320898711682 544000
1695673560694 0.8795705340181788 548000
1695673585631 0.9210413290808598 552000
1695673610206 0.9155981744329135 556000
1695673635052 0.9484176138415933 560000
1695673659707 0.9006858156373103 564000
1695673684254 0.9082310675953825 568000
1695673708641 0.920039923923711 572000
1695673732880 0.8664148790140946 576000
1695673757770 0.869623206431667 580000
1695673782388 0.8849100238954027 584000
1695673807535 0.8904722792406877 588000
1695673832068 0.9099852702890833 592000
1695673856223 0.9226994625603159 596000
1695673880542 0.9365368254482747 600000
1695673904931 0.9526514689748485 604000
1695673929414 0.9613373152290782 608000
1695673953771 0.9681126443048318 612000
1695673978560 0.9662762447570761 616000
1695674003103 0.9570851594830553 620000
1695674027414 0.9729545500129462 624000
1695674051578 0.9481878527750571 628000
1695674076416 0.9183835089827578 632000
1695674101587 0.8456151394794384 636000
1695674127709 0.9066017146532734 640000
1695674152674 0.9346895465006431 644000
1695674178867 0.9574078178033233 648000
1695674203251 0.9716979196295142 652000
1695674227545 0.9365104451775551 656000
1695674253922 0.9427322095880906 660000
1695674280091 0.931005921587348 664000
1695674308026 0.9201708583161234 668000
1695674339505 0.9339217629283667 672000
1695674364709 0.898447725487252 676000
1695674389707 0.9599011517440279 680000
1695674416027 0.9633490820104877 684000
1695674441563 0.9711852031449477 688000
1695674466272 0.9490706348170836 692000
1695674490584 0.9086109314113855 696000
1695674514913 0.8577467747032642 700000
1695674539973 0.9508693216368556 704000
1695674564792 0.9445402895410856 708000
1695674591022 0.9594877122590939 712000
1695674616442 0.929448030454417 716000
1695674640710 0.9101681729157766 720000
1695674664622 0.8876463239391644 724000
1695674689504 0.8611236817513903 728000
1695674715349 0.8637396695713202 732000
1695674741333 0.8240269570921858 736000
1695674765389 0.8925320961823066 740000
1695674789592 0.83920331603537 744000
1695674814016 0.9222640338043372 748000
1695674838267 0.8880278144652645 752000
1695674862749 0.885071314436694 756000
1695674887079 0.867210216075182 760000
1695674912706 0.8730790386597316 764000
1695674937808 0.8810081146657467 768000
1695674962031 0.9057264234870672 772000
1695674986094 0.841657762726148 776000
1695675010453 0.8862668188909689 780000
1695675034658 0.8399393166725834 784000
1695675058944 0.8924680379529794 788000
1695675084023 0.851265347811083 792000
1695675109925 0.8968769577642282 796000
1695675135630 0.8958151087164878 800000
1695675165014 0.898114697014292 804000
1695675190883 0.9115857254092892 808000
1695675216759 0.8744423730298877 812000
1695675241505 0.8078982812042038 816000
1695675266196 0.8908320988838871 820000
1695675290910 0.746367174697419 824000
1695675315139 0.7986200283591945 828000
1695675339988 0.8850814793258905 832000
1695675364466 0.9388619576270382 836000
1695675388738 0.9024439995487531 840000
1695675415124 0.8555608742559949 844000
1695675440340 0.8868809781968594 848000
1695675465772 0.8417869805668791 852000
1695675490949 0.9098892480755846 856000
1695675516156 0.9091231961424152 860000
1695675541889 0.9423067020252347 864000
1695675568623 0.9322777380545934 868000
1695675595633 0.9044423344855507 872000
1695675622784 0.8991517337039113 876000
1695675647782 0.8796926310285926 880000
1695675672235 0.8806888306513428 884000
1695675696722 0.8897032923996449 888000
1695675721320 0.838618880075713 892000
1695675745744 0.8680481218422452 896000
1695675769893 0.9452920217687885 900000
1695675793574 0.9487877063453197 904000
1695675817579 0.9352747557063897 908000
1695675841536 0.9376014260575175 912000
1695675865719 0.9193387472381195 916000
