1695672410767 0.029224600295613832 364000
1695672434672 0.016805849641968962 368000
1695672460180 0.0035774648778897243 372000
1695672484879 0.02138536636775825 376000
1695672510179 0.011847506536287255 380000
1695672535521 0.012364933451074952 384000
1695672561449 0.01181729272211669 388000
1695672587192 0.02902369280345738 392000
1695672613167 0.01650952031923225 396000
1695672638794 0.030469220246595798 400000
1695672664326 0.02320181920028214 404000
1695672689779 0.04384017727764634 408000
1695672716189 0.024109483651894456 412000
1695672741036 0.01598886686236559 416000
1695672764810 0.006441832587491566 420000
1695672788760 0.017366723514957508 424000
1695672812717 0.007766000499699052 428000
1695672836755 0.00922322560406125 432000
1695672860572 0.007955900251787777 436000
1695672884363 0.012622829569227178 440000
1695672908415 0.007884546459414802 444000
1695672932501 0.015005529084737646 448000
1695672956309 0.005979099812975619 452000
1695672980235 0.011198343853902771 456000
1695673004211 0.017054944544603736 460000
1695673027741 0.01636682219056335 464000
1695673052152 0.009205201389704598 468000
1695673078204 0.014305806959237088 472000
1695673103112 0.01013174166000681 476000
1695673127989 0.007759306941079558 480000
1695673152888 0.0003420129482435641 484000
1695673177711 0.013462641426546422 488000
1695673202440 0.021345547216090683 492000
1695673229148 0.018178342185759297 496000
1695673257734 0.01553684464597609 500000
1695673285311 0.029636121891477765 504000
1695673312425 0.021002768692172442 508000
1695673340440 0.02940222100490549 512000
1695673365728 0.019982797069921312 516000
1695673391375 0.02665889911246874 520000
1695673415952 0.0400888282272111 524000
1695673440128 0.04145049271949877 528000
1695673464182 0.03387177859937462 532000
1695673488193 0.030222529153494784 536000
1695673512097 0.03823751257150434 540000
1695673536238 0.022450276953168213 544000
1695673560694 0.020771772824809888 548000
1695673585630 0.013924144791235448 552000
1695673610206 0.018267177561453234 556000
1695673635052 0.01290578788369506 560000
1695673659707 0.02418731678383968 564000
1695673684254 0.02150089870604764 568000
1695673708641 0.016349378742355234 572000
1695673732880 0.030817472782412855 576000
1695673757770 0.025727286347925354 580000
1695673782387 0.023239753350693112 584000
1695673807535 0.021456051519877898 588000
1695673832068 0.015511755360542641 592000
1695673856223 0.017474599131188977 596000
1695673880542 0.014889164927687186 600000
1695673904930 0.01342345817295912 604000
1695673929414 0.008165391030706815 608000
1695673953771 0.009349685994190319 612000
1695673978560 0.01016018115648573 616000
1695674003103 0.011452479444415076 620000
1695674027414 0.003710610774093463 624000
1695674051578 0.01180921965909268 628000
1695674076415 0.021642377458920236 632000
1695674101587 0.03456227599041692 636000
1695674127709 0.025235625049875428 640000
1695674152674 0.01791971045410416 644000
1695674178867 0.011856768836878473 648000
1695674203251 0.008685364994319874 652000
1695674227545 0.014977799973955068 656000
1695674253922 0.014260888497180229 660000
1695674280091 0.017311998198905106 664000
1695674308026 0.021751324261034218 668000
1695674339505 0.016051462118533286 672000
1695674364709 0.02195950146948841 676000
1695674389707 0.008782326519091535 680000
1695674416027 0.010230447505333966 684000
1695674441563 0.009413804527260558 688000
1695674466272 0.014256545944469205 692000
1695674490584 0.017478757410814675 696000
1695674514913 0.03049171244201716 700000
1695674539973 0.01286374424501749 704000
1695674564792 0.012834344408959926 708000
1695674591021 0.011095368099753007 712000
1695674616442 0.01660723608462528 716000
1695674640710 0.02101082369093395 720000
1695674664622 0.023248610819185462 724000
1695674689503 0.022122364303019518 728000
1695674715349 0.021896398961932087 732000
1695674741333 0.026536343055583226 736000
1695674765389 0.01411669302797236 740000
1695674789592 0.023788940068819407 744000
1695674814016 0.013718922290960715 748000
1695674838267 0.024404318214510567 752000
1695674862748 0.017743062764930075 756000
1695674887079 0.01585165200958727 760000
1695674912705 0.019004283547595455 764000
1695674937808 0.01275488239407423 768000
1695674962031 0.014786805520270719 772000
1695674986094 0.018468692818229708 776000
1695675010453 0.014052398379863006 780000
1695675034658 0.02210741918218749 784000
1695675058943 0.0156476220843615 788000
1695675084023 0.018872882711487668 792000
1695675109925 0.020195177262454914 796000
1695675135629 0.023661247843119782 800000
1695675165014 0.014891188011097256 804000
1695675190882 0.012876857228548033 808000
1695675216759 0.0155213815451134 812000
1695675241505 0.023628513151682757 816000
1695675266196 0.014557761137499863 820000
1695675290910 0.02659939176567908 824000
1695675315139 0.02267269563890295 828000
1695675339988 0.018764326116555215 832000
1695675364465 0.012471823802237244 836000
1695675388738 0.023327094836470982 840000
1695675415123 0.014117664423489865 844000
1695675440339 0.01673153726636277 848000
1695675465772 0.025229822507632584 852000
1695675490949 0.0143709663869231 856000
1695675516156 0.013804276937177444 860000
1695675541888 0.013601107406187415 864000
1695675568622 0.014509427350276383 868000
1695675595633 0.014571488264967533 872000
1695675622784 0.013339059351953135 876000
1695675647782 0.01364112983198235 880000
1695675672235 0.01257607414687906 884000
1695675696722 0.012717640180684005 888000
1695675721320 0.01736375467298785 892000
1695675745744 0.021679130622457403 896000
1695675769893 0.0074950349369222145 900000
1695675793574 0.009999990778912131 904000
1695675817578 0.017541976929593753 908000
1695675841536 0.017116453738708515 912000
1695675865719 0.01866817725507038 916000
