1695672410725 0.2404051441171922 364000
1695672434629 0.23074749296450867 368000
1695672460138 0.23074749296450867 372000
1695672484836 0.22237781184745478 376000
1695672510138 0.22224263397454816 380000
1695672535476 0.22225962469577729 384000
1695672561409 0.2215676176889196 388000
1695672587153 0.2207771662378104 392000
1695672613127 0.22078883202008776 396000
1695672638754 0.21899523079763522 400000
1695672664286 0.2187381789718585 404000
1695672689741 0.22052110943430178 408000
1695672716148 0.22183898236494776 412000
1695672740994 0.2227656295189723 416000
1695672764770 0.22157621108728937 420000
1695672788721 0.2210720364361244 424000
1695672812677 0.22064548187884603 428000
1695672836717 0.22140316168588853 432000
1695672860533 0.21842252069730617 436000
1695672884324 0.21744510849066268 440000
1695672908375 0.21822960398459415 444000
1695672932462 0.2181425620687706 448000
1695672956269 0.21770012522020132 452000
1695672980195 0.2154303248006565 456000
1695673004171 0.21575329070407345 460000
1695673027702 0.21543640453929863 464000
1695673052113 0.21569818839099192 468000
1695673078163 0.21556167122058106 472000
1695673103072 0.21611188086499086 476000
1695673127948 0.21633632678281933 480000
1695673152849 0.21633632678281933 484000
1695673177672 0.2173240791270366 488000
1695673202398 0.21783959669292063 492000
1695673229103 0.21806693770053087 496000
1695673257694 0.21880899147008046 500000
1695673285270 0.21938051849647447 504000
1695673312383 0.22169678569756035 508000
1695673340399 0.2225608406978247 512000
1695673365689 0.2225982927277245 516000
1695673391335 0.22264257646821092 520000
1695673415911 0.22261679755931865 524000
1695673440088 0.22106180350940824 528000
1695673464142 0.2212392581952558 532000
1695673488152 0.22101256449675483 536000
1695673512057 0.22163415523117305 540000
1695673536198 0.22028320011563055 544000
1695673560654 0.22003638487937663 548000
1695673585590 0.21972123315109088 552000
1695673610165 0.220569366960491 556000
1695673635011 0.2200706997784768 560000
1695673659667 0.22019603951830824 564000
1695673684215 0.2193774262778251 568000
1695673708600 0.22014021130816366 572000
1695673732840 0.2199654315392068 576000
1695673757730 0.2197917712641255 580000
1695673782347 0.2191587955878232 584000
1695673807493 0.22049708717941455 588000
1695673832027 0.2213636637373937 592000
1695673856184 0.2209527776875628 596000
1695673880502 0.22173756373922848 600000
1695673904891 0.22178083437235074 604000
1695673929375 0.22108272308385563 608000
1695673953729 0.21927201500317242 612000
1695673978521 0.2190041227431738 616000
1695674003064 0.220526895960662 620000
1695674027374 0.22051007568713138 624000
1695674051538 0.21987542659694292 628000
1695674076376 0.21975000845320733 632000
1695674101545 0.2207940132098545 636000
1695674127669 0.22117471928908103 640000
1695674152634 0.2226632305158608 644000
1695674178826 0.22211057758125988 648000
1695674203211 0.22178938228269796 652000
1695674227506 0.22123549034070197 656000
1695674253881 0.22088849795928092 660000
1695674280049 0.2205563416680892 664000
1695674307977 0.22065977212893456 668000
1695674339465 0.22141695000343595 672000
1695674364669 0.22086848728531058 676000
1695674389665 0.22129968955944318 680000
1695674415987 0.22197443887248078 684000
1695674441523 0.2215347687574549 688000
1695674466231 0.2222308863900206 692000
1695674490543 0.2218916487298886 696000
1695674514873 0.22217367416180617 700000
1695674539933 0.2217862845669135 704000
1695674564751 0.2221692861871883 708000
1695674590981 0.22174921150965707 712000
1695674616402 0.2231314806587978 716000
1695674640670 0.22285060767313844 720000
1695674664583 0.22183523968412633 724000
1695674689463 0.22269459688047366 728000
1695674715307 0.22292145461581872 732000
1695674741293 0.22331422321035252 736000
1695674765349 0.22277431375901313 740000
1695674789551 0.22274735051391084 744000
1695674813976 0.2232351658295279 748000
1695674838227 0.22247399575941318 752000
1695674862709 0.22295445219503635 756000
1695674887038 0.22267880883067584 760000
1695674912665 0.22265573532147623 764000
1695674937768 0.22291196411693137 768000
1695674961991 0.22286316493906944 772000
1695674986054 0.22286433957122082 776000
1695675010413 0.22288007940608362 780000
1695675034618 0.2230223030212993 784000
1695675058904 0.22273970595858172 788000
1695675083983 0.2228682669031405 792000
1695675109884 0.22313312750615893 796000
1695675135580 0.22274321569045086 800000
1695675164974 0.22330520500881704 804000
1695675190843 0.2233710612666397 808000
1695675216719 0.22337047660692375 812000
1695675241465 0.2234565199479791 816000
1695675266157 0.22355978071712806 820000
1695675290870 0.22352923981468145 824000
1695675315099 0.22346910917244917 828000
1695675339947 0.22339089230950043 832000
1695675364423 0.22356754268056 836000
1695675388698 0.2235776224072516 840000
1695675415083 0.22335258765369875 844000
1695675440300 0.22335906769513295 848000
1695675465733 0.22369009069949755 852000
1695675490910 0.22377291428376175 856000
1695675516117 0.22380127483743922 860000
1695675541848 0.22391755895097493 864000
1695675568582 0.22414131499110657 868000
1695675595592 0.22413376384271286 872000
1695675622744 0.22407708549797625 876000
1695675647741 0.2245944149967417 880000
1695675672195 0.2243148697959781 884000
1695675696682 0.22442188869245452 888000
1695675721279 0.22446414363868508 892000
1695675745704 0.22286205405189186 896000
1695675769853 0.22392612445319332 900000
1695675793534 0.22498643305243893 904000
1695675817539 0.22455111860575708 908000
1695675841496 0.22282346557609553 912000
1695675865679 0.223106910193239 916000
