1695672410725 0.0 364000
1695672434629 0.0 368000
1695672460138 0.0 372000
1695672484836 0.0 376000
1695672510138 0.0 380000
1695672535476 0.0 384000
1695672561409 0.0 388000
1695672587153 0.0 392000
1695672613127 0.0 396000
1695672638754 0.0 400000
1695672664286 0.0 404000
1695672689741 0.0 408000
1695672716148 0.0 412000
1695672740994 0.0 416000
1695672764770 0.0 420000
1695672788721 0.0 424000
1695672812678 0.0 428000
1695672836717 0.0 432000
1695672860533 0.0 436000
1695672884324 0.0 440000
1695672908375 0.0 444000
1695672932462 0.0 448000
1695672956270 0.0 452000
1695672980195 0.0 456000
1695673004171 0.0 460000
1695673027702 0.0 464000
1695673052113 0.0 468000
1695673078163 0.0 472000
1695673103072 0.0 476000
1695673127948 0.0 480000
1695673152849 0.0 484000
1695673177673 0.0 488000
1695673202398 0.0 492000
1695673229104 0.0 496000
1695673257694 0.0 500000
1695673285270 0.0 504000
1695673312384 0.0 508000
1695673340399 0.0 512000
1695673365690 0.0 516000
1695673391335 0.0 520000
1695673415911 0.0 524000
1695673440088 0.0 528000
1695673464143 0.0 532000
1695673488153 0.0 536000
1695673512057 0.0 540000
1695673536198 0.0 544000
1695673560654 0.0 548000
1695673585590 0.0 552000
1695673610165 0.0 556000
1695673635011 0.0 560000
1695673659667 0.0 564000
1695673684215 0.0 568000
1695673708600 0.0 572000
1695673732840 0.0 576000
1695673757730 0.0 580000
1695673782348 0.0 584000
1695673807494 0.0 588000
1695673832027 0.0 592000
1695673856184 0.0 596000
1695673880502 0.0 600000
1695673904891 0.0 604000
1695673929375 0.0 608000
1695673953729 0.0 612000
1695673978521 0.0 616000
1695674003065 0.0 620000
1695674027374 0.0 624000
1695674051538 0.0 628000
1695674076376 0.0 632000
1695674101545 0.0 636000
1695674127669 0.0 640000
1695674152634 0.0 644000
1695674178827 0.0 648000
1695674203211 0.0 652000
1695674227506 0.0 656000
1695674253881 0.0 660000
1695674280049 0.0 664000
1695674307977 0.0 668000
1695674339465 0.0 672000
1695674364669 0.0 676000
1695674389665 0.0 680000
1695674415987 0.0 684000
1695674441523 0.0 688000
1695674466231 0.0 692000
1695674490544 0.0 696000
1695674514873 0.0 700000
1695674539933 0.0 704000
1695674564751 0.0 708000
1695674590981 0.0 712000
1695674616403 0.0 716000
1695674640670 0.0 720000
1695674664583 0.0 724000
1695674689463 0.0 728000
1695674715307 0.0 732000
1695674741293 0.0 736000
1695674765349 0.0 740000
1695674789552 0.0 744000
1695674813976 0.0 748000
1695674838227 0.0 752000
1695674862709 0.0 756000
1695674887038 0.0 760000
1695674912665 0.0 764000
1695674937768 0.0 768000
1695674961991 0.0 772000
1695674986055 0.0 776000
1695675010413 0.0 780000
1695675034618 0.0 784000
1695675058904 0.0 788000
1695675083983 0.0 792000
1695675109884 0.0 796000
1695675135581 0.0 800000
1695675164974 0.0 804000
1695675190844 0.0 808000
1695675216719 0.0 812000
1695675241465 0.0 816000
1695675266157 0.0 820000
1695675290871 0.0 824000
1695675315099 0.0 828000
1695675339947 0.0 832000
1695675364424 0.0 836000
1695675388699 0.0 840000
1695675415083 0.0 844000
1695675440300 0.0 848000
1695675465733 0.0 852000
1695675490910 0.0 856000
1695675516117 0.0 860000
1695675541849 0.0 864000
1695675568583 0.0 868000
1695675595592 0.0 872000
1695675622744 0.0 876000
1695675647742 0.0 880000
1695675672195 0.0 884000
1695675696682 0.0 888000
1695675721279 0.0 892000
1695675745704 0.0 896000
1695675769853 0.0 900000
1695675793535 0.0 904000
1695675817539 0.0 908000
1695675841496 0.0 912000
1695675865679 0.0 916000
