1695672410725 0.3899344429865565 364000
1695672434629 0.3771514337818714 368000
1695672460137 0.3771514337818714 372000
1695672484835 0.3650978891459843 376000
1695672510137 0.3648561533767492 380000
1695672535475 0.3648686952568908 384000
1695672561408 0.3637354067890584 388000
1695672587152 0.36277271882526047 392000
1695672613127 0.3629338112727375 396000
1695672638753 0.36080624687340873 400000
1695672664285 0.3613351357018268 404000
1695672689740 0.36575601031084654 408000
1695672716147 0.3682627210015714 412000
1695672740993 0.3696630923889802 416000
1695672764769 0.36872233800085363 420000
1695672788720 0.36855686195387527 424000
1695672812677 0.3680444352706663 428000
1695672836716 0.368481866417401 432000
1695672860532 0.3648240257422914 436000
1695672884323 0.3635429291852481 440000
1695672908374 0.36408007372495993 444000
1695672932461 0.3637580302736437 448000
1695672956269 0.36263292768031496 452000
1695672980195 0.36039840789921 456000
1695673004170 0.3604547486546255 460000
1695673027701 0.3596529698272875 464000
1695673052112 0.35976060688147476 468000
1695673078162 0.35941400809455937 472000
1695673103071 0.35947569320839273 476000
1695673127947 0.35926629187281334 480000
1695673152848 0.35926629187281334 484000
1695673177672 0.3594239014498447 488000
1695673202397 0.35966784713832767 492000
1695673229103 0.35979506521523824 496000
1695673257693 0.360611269291061 500000
1695673285270 0.3618313084395997 504000
1695673312383 0.3649297408861321 508000
1695673340399 0.36590912432585176 512000
1695673365689 0.3672044950492995 516000
1695673391334 0.3668901801147474 520000
1695673415910 0.3675653328653675 524000
1695673440087 0.36667305102576675 528000
1695673464142 0.36658954531253785 532000
1695673488151 0.36735507502120385 536000
1695673512056 0.3687218668761566 540000
1695673536197 0.36706576192242385 544000
1695673560654 0.3675845080313457 548000
1695673585590 0.36686535033061307 552000
1695673610164 0.368142444790121 556000
1695673635010 0.3691541985178764 560000
1695673659666 0.3698355191931412 564000
1695673684214 0.3694936174862199 568000
1695673708599 0.3698259983444323 572000
1695673732839 0.3700331633832436 576000
1695673757729 0.3707715314483392 580000
1695673782347 0.37105418883583347 584000
1695673807493 0.37239322701669936 588000
1695673832026 0.3733685407518255 592000
1695673856183 0.37401038491280786 596000
1695673880501 0.37489899940495136 600000
1695673904890 0.3748556060412859 604000
1695673929374 0.3734719273317532 608000
1695673953729 0.3708839205996658 612000
1695673978520 0.37107458392148523 616000
1695674003064 0.37290819702409606 620000
1695674027373 0.3725405184648586 624000
1695674051537 0.37285579983439876 628000
1695674076375 0.37265939103924856 632000
1695674101544 0.37244238744096975 636000
1695674127668 0.3735654724128078 640000
1695674152633 0.3750003968032994 644000
1695674178826 0.37581912491136876 648000
1695674203210 0.37550065044010256 652000
1695674227505 0.37409134751184125 656000
1695674253880 0.3729439010294671 660000
1695674280048 0.37344888244962704 664000
1695674307976 0.3742685354376958 668000
1695674339464 0.37686216682849705 672000
1695674364668 0.37550257638690887 676000
1695674389664 0.37499128202107307 680000
1695674415986 0.37507328254642736 684000
1695674441523 0.3771229690363452 688000
1695674466230 0.3780875809491751 692000
1695674490543 0.37769402693904663 696000
1695674514872 0.3772158257608752 700000
1695674539933 0.3763997730534565 704000
1695674564750 0.3760525735510692 708000
1695674590980 0.37744573411489435 712000
1695674616402 0.37798926855385956 716000
1695674640669 0.37919018816778177 720000
1695674664582 0.3784379136377619 724000
1695674689462 0.3789696618313309 728000
1695674715306 0.37891817425305313 732000
1695674741292 0.38054228379215777 736000
1695674765348 0.3803857067850686 740000
1695674789551 0.3800921526679836 744000
1695674813975 0.3809811745577336 748000
1695674838227 0.3810872481046233 752000
1695674862708 0.3815218585633063 756000
1695674887038 0.3818685151095201 760000
1695674912665 0.3825802467068592 764000
1695674937767 0.3831668618417486 768000
1695674961990 0.3837545134783132 772000
1695674986054 0.38340361474522777 776000
1695675010412 0.38442625596481994 780000
1695675034617 0.38446311341497574 784000
1695675058903 0.38444363662010506 788000
1695675083983 0.3850567110790179 792000
1695675109883 0.3863823411955263 796000
1695675135579 0.3866462266166198 800000
1695675164973 0.3872071914445477 804000
1695675190843 0.3875656854386832 808000
1695675216718 0.3879509040658302 812000
1695675241465 0.38840497710282573 816000
1695675266156 0.3887219389761144 820000
1695675290870 0.3885469504953119 824000
1695675315098 0.3890741457299009 828000
1695675339946 0.39000312964875544 832000
1695675364423 0.3903801537279199 836000
1695675388698 0.3897376112776364 840000
1695675415082 0.3904776117524175 844000
1695675440299 0.3910225753088339 848000
1695675465732 0.3920948150265153 852000
1695675490909 0.39269404531955354 856000
1695675516116 0.39304287896116513 860000
1695675541848 0.3933049721998444 864000
1695675568582 0.3943051582036698 868000
1695675595591 0.3946287729844047 872000
1695675622744 0.39445748716137646 876000
1695675647741 0.3955342788640771 880000
1695675672194 0.3954372520808912 884000
1695675696681 0.39589519584271127 888000
1695675721278 0.39612559541384545 892000
1695675745703 0.39459885625204244 896000
1695675769852 0.3960736196412961 900000
1695675793534 0.3973883688014782 904000
1695675817538 0.3964052580863028 908000
1695675841495 0.39470843764673613 912000
1695675865678 0.3950010031794952 916000
