1695672410771 0.5 364000
1695672434676 0.5 368000
1695672460183 0.5 372000
1695672484882 0.5 376000
1695672510182 0.5 380000
1695672535524 0.5 384000
1695672561452 0.5 388000
1695672587195 0.5 392000
1695672613170 0.5 396000
1695672638797 0.5 400000
1695672664330 0.5 404000
1695672689782 0.5 408000
1695672716192 0.5 412000
1695672741039 0.5 416000
1695672764813 0.5 420000
1695672788763 0.5 424000
1695672812720 0.5 428000
1695672836758 0.5 432000
1695672860575 0.5 436000
1695672884366 0.5 440000
1695672908418 0.5 444000
1695672932504 0.5 448000
1695672956312 0.5 452000
1695672980238 0.5 456000
1695673004214 0.5 460000
1695673027745 0.5 464000
1695673052155 0.5 468000
1695673078207 0.5 472000
1695673103115 0.5 476000
1695673127993 0.5 480000
1695673152891 0.5 484000
1695673177714 0.5 488000
1695673202443 0.5 492000
1695673229152 0.5 496000
1695673257738 0.5 500000
1695673285314 0.5 504000
1695673312428 0.5 508000
1695673340443 0.5 512000
1695673365731 0.5 516000
1695673391379 0.5 520000
1695673415955 0.5 524000
1695673440131 0.5 528000
1695673464185 0.5 532000
1695673488196 0.5 536000
1695673512101 0.5 540000
1695673536242 0.5 544000
1695673560697 0.5 548000
1695673585634 0.5 552000
1695673610209 0.5 556000
1695673635055 0.5 560000
1695673659710 0.5 564000
1695673684257 0.5 568000
1695673708644 0.5 572000
1695673732883 0.5 576000
1695673757773 0.5 580000
1695673782391 0.5 584000
1695673807539 0.5 588000
1695673832071 0.5 592000
1695673856226 0.5 596000
1695673880545 0.5 600000
1695673904934 0.5 604000
1695673929417 0.5 608000
1695673953774 0.5 612000
1695673978563 0.5 616000
1695674003106 0.5 620000
1695674027417 0.5 624000
1695674051581 0.5 628000
1695674076419 0.5 632000
1695674101590 0.5 636000
1695674127712 0.5 640000
1695674152677 0.5 644000
1695674178870 0.5 648000
1695674203254 0.5 652000
1695674227548 0.5 656000
1695674253925 0.5 660000
1695674280094 0.5 664000
1695674308030 0.5 668000
1695674339508 0.5 672000
1695674364712 0.5 676000
1695674389710 0.5 680000
1695674416030 0.5 684000
1695674441566 0.5 688000
1695674466275 0.5 692000
1695674490587 0.5 696000
1695674514916 0.5 700000
1695674539976 0.5 704000
1695674564795 0.5 708000
1695674591025 0.5 712000
1695674616445 0.5 716000
1695674640713 0.5 720000
1695674664625 0.5 724000
1695674689507 0.5 728000
1695674715352 0.5 732000
1695674741336 0.5 736000
1695674765392 0.5 740000
1695674789595 0.5 744000
1695674814019 0.5 748000
1695674838270 0.5 752000
1695674862752 0.5 756000
1695674887082 0.5 760000
1695674912709 0.5 764000
1695674937811 0.5 768000
1695674962034 0.5 772000
1695674986097 0.5 776000
1695675010456 0.5 780000
1695675034661 0.5 784000
1695675058946 0.5 788000
1695675084026 0.5 792000
1695675109928 0.5 796000
1695675135633 0.5 800000
1695675165018 0.5 804000
1695675190886 0.5 808000
1695675216762 0.5 812000
1695675241508 0.5 816000
1695675266199 0.5 820000
1695675290913 0.5 824000
1695675315142 0.5 828000
1695675339992 0.5 832000
1695675364469 0.5 836000
1695675388741 0.5 840000
1695675415127 0.5 844000
1695675440343 0.5 848000
1695675465775 0.5 852000
1695675490952 0.5 856000
1695675516159 0.5 860000
1695675541892 0.5 864000
1695675568626 0.5 868000
1695675595636 0.5 872000
1695675622787 0.5 876000
1695675647785 0.5 880000
1695675672238 0.5 884000
1695675696725 0.5 888000
1695675721323 0.5 892000
1695675745747 0.5 896000
1695675769896 0.5 900000
1695675793577 0.5 904000
1695675817581 0.5 908000
1695675841539 0.5 912000
1695675865722 0.5 916000
