1695672410771 0.001 364000
1695672434676 0.001 368000
1695672460184 0.001 372000
1695672484882 0.001 376000
1695672510182 0.001 380000
1695672535525 0.001 384000
1695672561453 0.001 388000
1695672587195 0.001 392000
1695672613171 0.001 396000
1695672638798 0.001 400000
1695672664330 0.001 404000
1695672689783 0.001 408000
1695672716192 0.001 412000
1695672741040 0.001 416000
1695672764814 0.001 420000
1695672788764 0.001 424000
1695672812720 0.001 428000
1695672836759 0.001 432000
1695672860575 0.001 436000
1695672884366 0.001 440000
1695672908419 0.001 444000
1695672932505 0.001 448000
1695672956313 0.001 452000
1695672980239 0.001 456000
1695673004214 0.001 460000
1695673027745 0.001 464000
1695673052156 0.001 468000
1695673078208 0.001 472000
1695673103115 0.001 476000
1695673127993 0.001 480000
1695673152892 0.001 484000
1695673177714 0.001 488000
1695673202444 0.001 492000
1695673229153 0.001 496000
1695673257739 0.001 500000
1695673285315 0.001 504000
1695673312429 0.001 508000
1695673340444 0.001 512000
1695673365732 0.001 516000
1695673391379 0.001 520000
1695673415955 0.001 524000
1695673440132 0.001 528000
1695673464186 0.001 532000
1695673488196 0.001 536000
1695673512101 0.001 540000
1695673536242 0.001 544000
1695673560697 0.001 548000
1695673585634 0.001 552000
1695673610209 0.001 556000
1695673635055 0.001 560000
1695673659711 0.001 564000
1695673684258 0.001 568000
1695673708645 0.001 572000
1695673732883 0.001 576000
1695673757774 0.001 580000
1695673782391 0.001 584000
1695673807539 0.001 588000
1695673832072 0.001 592000
1695673856227 0.001 596000
1695673880546 0.001 600000
1695673904934 0.001 604000
1695673929418 0.001 608000
1695673953774 0.001 612000
1695673978564 0.001 616000
1695674003107 0.001 620000
1695674027418 0.001 624000
1695674051581 0.001 628000
1695674076419 0.001 632000
1695674101590 0.001 636000
1695674127712 0.001 640000
1695674152678 0.001 644000
1695674178871 0.001 648000
1695674203255 0.001 652000
1695674227549 0.001 656000
1695674253926 0.001 660000
1695674280095 0.001 664000
1695674308031 0.001 668000
1695674339509 0.001 672000
1695674364713 0.001 676000
1695674389711 0.001 680000
1695674416030 0.001 684000
1695674441567 0.001 688000
1695674466276 0.001 692000
1695674490587 0.001 696000
1695674514917 0.001 700000
1695674539977 0.001 704000
1695674564795 0.001 708000
1695674591025 0.001 712000
1695674616445 0.001 716000
1695674640714 0.001 720000
1695674664625 0.001 724000
1695674689507 0.001 728000
1695674715353 0.001 732000
1695674741336 0.001 736000
1695674765393 0.001 740000
1695674789595 0.001 744000
1695674814020 0.001 748000
1695674838270 0.001 752000
1695674862752 0.001 756000
1695674887083 0.001 760000
1695674912709 0.001 764000
1695674937811 0.001 768000
1695674962034 0.001 772000
1695674986097 0.001 776000
1695675010457 0.001 780000
1695675034661 0.001 784000
1695675058947 0.001 788000
1695675084027 0.001 792000
1695675109929 0.001 796000
1695675135633 0.001 800000
1695675165018 0.001 804000
1695675190886 0.001 808000
1695675216762 0.001 812000
1695675241509 0.001 816000
1695675266200 0.001 820000
1695675290913 0.001 824000
1695675315143 0.001 828000
1695675339992 0.001 832000
1695675364469 0.001 836000
1695675388742 0.001 840000
1695675415127 0.001 844000
1695675440343 0.001 848000
1695675465775 0.001 852000
1695675490952 0.001 856000
1695675516160 0.001 860000
1695675541892 0.001 864000
1695675568626 0.001 868000
1695675595636 0.001 872000
1695675622788 0.001 876000
1695675647785 0.001 880000
1695675672238 0.001 884000
1695675696726 0.001 888000
1695675721324 0.001 892000
1695675745748 0.001 896000
1695675769897 0.001 900000
1695675793578 0.001 904000
1695675817582 0.001 908000
1695675841540 0.001 912000
1695675865722 0.001 916000
