1695672410747 -0.0015 364000
1695672434652 -0.0015 368000
1695672460160 -0.0015 372000
1695672484859 -0.0015 376000
1695672510160 -0.0015 380000
1695672535500 -0.0015 384000
1695672561430 -0.0015 388000
1695672587173 -0.0015 392000
1695672613149 -0.0015 396000
1695672638776 -0.8039999999999894 400000
1695672664308 -0.8039999999999894 404000
1695672689762 -0.8039999999999894 408000
1695672716170 -0.8039999999999894 412000
1695672741017 -0.29950000000000065 416000
1695672764791 -0.29950000000000065 420000
1695672788742 0.2974999999999998 424000
1695672812698 0.2974999999999998 428000
1695672836737 0.2974999999999998 432000
1695672860554 0.1744999999999997 436000
1695672884345 0.1744999999999997 440000
1695672908396 0.0 444000
1695672932483 -0.003 448000
1695672956291 -0.003 452000
1695672980217 -0.003 456000
1695673004192 -0.003 460000
1695673027723 -0.003 464000
1695673052134 -0.003 468000
1695673078185 -1.0209999999999835 472000
1695673103093 -1.0209999999999835 476000
1695673127970 -1.0209999999999835 480000
1695673152870 -1.0209999999999835 484000
1695673177693 -1.0209999999999835 488000
1695673202421 -1.0209999999999835 492000
1695673229127 -1.0209999999999835 496000
1695673257716 0.0 500000
1695673285292 0.0 504000
1695673312406 0.23749999999999977 508000
1695673340421 0.23749999999999977 512000
1695673365710 0.3019999999999998 516000
1695673391357 0.18199999999999972 520000
1695673415933 0.18199999999999972 524000
1695673440109 0.46399999999999997 528000
1695673464164 0.46699999999999997 532000
1695673488175 -0.1455000000000001 536000
1695673512078 -0.003 540000
1695673536220 0.44299999999999995 544000
1695673560676 0.479 548000
1695673585611 0.44749999999999995 552000
1695673610187 0.42949999999999994 556000
1695673635033 0.4745 560000
1695673659688 0.4009999999999999 564000
1695673684236 0.42649999999999993 568000
1695673708621 -0.3520000000000007 572000
1695673732861 -0.03450000000000001 576000
1695673757751 0.20449999999999974 580000
1695673782369 -0.042000000000000016 584000
1695673807515 -0.003 588000
1695673832049 -0.010499999999999999 592000
1695673856205 0.43099999999999994 596000
1695673880523 -0.010499999999999999 600000
1695673904912 -0.18550000000000055 604000
1695673929396 -0.18550000000000055 608000
1695673953752 0.4159999999999999 612000
1695673978542 -0.013499999999999998 616000
1695674003085 0.3829999999999999 620000
1695674027396 0.4174999999999999 624000
1695674051559 0.4174999999999999 628000
1695674076397 0.4607586233735776 632000
1695674101567 -0.016499999999999997 636000
1695674127690 -0.03600000000000001 640000
1695674152655 0.47 644000
1695674178848 0.3589999999999999 648000
1695674203232 0.476 652000
1695674227527 0.42499999999999993 656000
1695674253903 0.0 660000
1695674280071 0.35149999999999987 664000
1695674308002 0.0 668000
1695674339487 0.44299999999999995 672000
1695674364690 0.44299999999999995 676000
1695674389687 0.473 680000
1695674416008 0.476 684000
1695674441544 -0.014999999999999998 688000
1695674466253 0.45349999999999996 692000
1695674490565 -0.003 696000
1695674514894 -0.028500000000000008 700000
1695674539955 -0.0045000000000000005 704000
1695674564773 0.488 708000
1695674591003 0.38149999999999995 712000
1695674616424 0.0 716000
1695674640692 0.0 720000
1695674664603 -0.0015 724000
1695674689485 -0.0015 728000
1695674715329 0.0 732000
1695674741314 -0.003 736000
1695674765371 0.4895 740000
1695674789573 -0.003 744000
1695674813997 0.482 748000
1695674838248 0.0 752000
1695674862730 -1.3029999999999942 756000
1695674887060 0.4455 760000
1695674912686 0.22249999999999975 764000
1695674937789 0.4775 768000
1695674962012 0.4925 772000
1695674986075 -0.003 776000
1695675010434 0.482 780000
1695675034639 0.4835 784000
1695675058925 0.476 788000
1695675084005 -0.03450000000000001 792000
1695675109905 0.488 796000
1695675135609 0.46399999999999997 800000
1695675164995 0.43849999999999995 804000
1695675190864 -0.022500000000000003 808000
1695675216740 -0.003 812000
1695675241486 -0.0015 816000
1695675266178 0.4174999999999999 820000
1695675290892 0.485 824000
1695675315121 0.0 828000
1695675339969 0.4835 832000
1695675364446 0.488 836000
1695675388720 -0.0015 840000
1695675415105 -0.0045000000000000005 844000
1695675440321 0.0 848000
1695675465754 0.0 852000
1695675490930 0.497 856000
1695675516138 -0.04950000000000002 860000
1695675541870 -0.016499999999999997 864000
1695675568604 0.491 868000
1695675595613 0.0 872000
1695675622766 0.45 876000
1695675647764 0.4865 880000
1695675672216 0.0 884000
1695675696704 0.482 888000
1695675721301 0.45949999999999996 892000
1695675745725 0.491 896000
1695675769875 0.482 900000
1695675793556 0.479 904000
1695675817560 0.0 908000
1695675841517 0.491 912000
1695675865700 0.473 916000
