1695672410747 1.3668125 364000
1695672434652 1.108359375 368000
1695672460160 1.108359375 372000
1695672484859 -0.696000000000001 376000
1695672510160 -0.696000000000001 380000
1695672535500 -0.696000000000001 384000
1695672561430 -0.696000000000001 388000
1695672587173 -0.696000000000001 392000
1695672613148 -0.696000000000001 396000
1695672638775 -0.696000000000001 400000
1695672664308 -0.6640000000000009 404000
1695672689762 -0.6640000000000009 408000
1695672716170 -0.6640000000000009 412000
1695672741017 -0.6530000000000009 416000
1695672764791 -0.6530000000000009 420000
1695672788742 -0.006 424000
1695672812698 -0.740000000000001 428000
1695672836737 -0.740000000000001 432000
1695672860553 -0.752000000000001 436000
1695672884345 -0.752000000000001 440000
1695672908396 -0.752000000000001 444000
1695672932483 -0.752000000000001 448000
1695672956291 -0.752000000000001 452000
1695672980216 0.29310303354411016 456000
1695673004192 0.29310303354411016 460000
1695673027723 0.29310303354411016 464000
1695673052133 0.29310303354411016 468000
1695673078185 0.29310303354411016 472000
1695673103093 0.29310303354411016 476000
1695673127970 0.32528360500002884 480000
1695673152870 0.32528360500002884 484000
1695673177693 0.23564323781616967 488000
1695673202420 -0.04300000000000003 492000
1695673229127 -0.04300000000000003 496000
1695673257715 -0.04300000000000003 500000
1695673285292 -0.04300000000000003 504000
1695673312406 0.34499999999999986 508000
1695673340421 0.7398906249999997 512000
1695673365710 0.7398906249999997 516000
1695673391356 0.8305625 520000
1695673415933 0.7736875 524000
1695673440109 0.90071875 528000
1695673464163 0.7852812499999999 532000
1695673488174 0.7852812499999999 536000
1695673512078 0.9257187499999999 540000
1695673536219 0.5149531249999999 544000
1695673560675 0.977203125 548000
1695673585611 0.94478125 552000
1695673610187 0.96946875 556000
1695673635033 0.962546875 560000
1695673659688 0.96565625 564000
1695673684236 0.971578125 568000
1695673708621 0.04805000000001902 572000
1695673732861 0.933828125 576000
1695673757751 0.9445625 580000
1695673782369 0.95140625 584000
1695673807515 0.952 588000
1695673832048 0.951109375 592000
1695673856205 0.985046875 596000
1695673880523 0.9680625 600000
1695673904912 0.7909999999999999 604000
1695673929396 0.7909999999999999 608000
1695673953751 0.95803125 612000
1695673978542 0.9736875 616000
1695674003085 0.973796875 620000
1695674027395 0.973796875 624000
1695674051559 0.9486249999999999 628000
1695674076397 0.945078125 632000
1695674101567 0.926390625 636000
1695674127690 0.884296875 640000
1695674152655 0.884296875 644000
1695674178848 0.9092343749999999 648000
1695674203232 0.9092343749999999 652000
1695674227526 0.981125 656000
1695674253902 0.88371875 660000
1695674280071 0.9278593749999999 664000
1695674308002 0.98434375 668000
1695674339487 0.94959375 672000
1695674364690 0.947 676000
1695674389687 0.947 680000
1695674416008 0.932234375 684000
1695674441544 0.967171875 688000
1695674466253 0.9650625 692000
1695674490565 0.9259062499999999 696000
1695674514894 0.908625 700000
1695674539954 0.95259375 704000
1695674564773 0.95259375 708000
1695674591003 0.29769323781622525 712000
1695674616423 0.920953125 716000
1695674640691 0.981421875 720000
1695674664603 0.957921875 724000
1695674689484 0.975796875 728000
1695674715329 0.98775 732000
1695674741314 0.9849375 736000
1695674765370 0.95821875 740000
1695674789573 0.965953125 744000
1695674813997 0.978609375 748000
1695674838248 0.959625 752000
1695674862730 0.421 756000
1695674887060 0.8836875 760000
1695674912686 0.98634375 764000
1695674937789 0.987046875 768000
1695674962012 0.9793125 772000
1695674986075 0.96946875 776000
1695675010434 0.972984375 780000
1695675034639 0.8447343749999999 784000
1695675058925 0.959140625 788000
1695675084004 0.9590625 792000
1695675109905 0.951953125 796000
1695675135608 0.9849375 800000
1695675164995 0.964765625 804000
1695675190864 0.98634375 808000
1695675216740 0.94696875 812000
1695675241486 0.894828125 816000
1695675266178 0.967765625 820000
1695675290892 0.91678125 824000
1695675315120 0.9686875 828000
1695675339969 0.965578125 832000
1695675364446 0.985640625 836000
1695675388720 0.5828125 840000
1695675415104 0.961140625 844000
1695675440321 0.9755 848000
1695675465754 0.948140625 852000
1695675490930 0.971578125 856000
1695675516138 0.965875 860000
1695675541870 0.98634375 864000
1695675568603 0.910140625 868000
1695675595613 0.44199999999999995 872000
1695675622766 0.98634375 876000
1695675647763 0.983640625 880000
1695675672216 0.975796875 884000
1695675696703 0.982828125 888000
1695675721301 0.98534375 892000
1695675745725 0.94503125 896000
1695675769874 0.94503125 900000
1695675793556 0.948140625 904000
1695675817560 0.46399999999999997 908000
1695675841517 0.8604999999999999 912000
1695675865700 0.97690625 916000
