1695672410724 -0.0015 364000
1695672434627 -0.0015 368000
1695672460136 -0.0015 372000
1695672484834 -0.0015 376000
1695672510136 -0.0015 380000
1695672535474 -0.0015 384000
1695672561407 -0.0015 388000
1695672587151 -0.0015 392000
1695672613126 -0.0015 396000
1695672638752 -0.8039999999999894 400000
1695672664284 -0.8039999999999894 404000
1695672689739 -0.8039999999999894 408000
1695672716146 -0.8039999999999894 412000
1695672740992 -0.29950000000000065 416000
1695672764768 -0.29950000000000065 420000
1695672788719 0.2974999999999998 424000
1695672812676 0.2974999999999998 428000
1695672836715 0.2974999999999998 432000
1695672860531 0.1744999999999997 436000
1695672884322 0.1744999999999997 440000
1695672908373 0.0 444000
1695672932460 -0.003 448000
1695672956268 -0.003 452000
1695672980194 -0.003 456000
1695673004169 -0.003 460000
1695673027700 -0.003 464000
1695673052111 -0.003 468000
1695673078161 -1.0209999999999835 472000
1695673103070 -1.0209999999999835 476000
1695673127945 -1.0209999999999835 480000
1695673152847 -1.0209999999999835 484000
1695673177671 -1.0209999999999835 488000
1695673202396 -1.0209999999999835 492000
1695673229101 -1.0209999999999835 496000
1695673257692 0.0 500000
1695673285269 0.0 504000
1695673312382 0.23749999999999977 508000
1695673340398 0.23749999999999977 512000
1695673365688 0.3019999999999998 516000
1695673391333 0.18199999999999972 520000
1695673415909 0.18199999999999972 524000
1695673440086 0.46399999999999997 528000
1695673464141 0.46699999999999997 532000
1695673488150 -0.1455000000000001 536000
1695673512055 -0.003 540000
1695673536196 0.44299999999999995 544000
1695673560653 0.479 548000
1695673585588 0.44749999999999995 552000
1695673610163 0.42949999999999994 556000
1695673635009 0.4745 560000
1695673659665 0.4009999999999999 564000
1695673684213 0.42649999999999993 568000
1695673708598 -0.3520000000000007 572000
1695673732838 -0.03450000000000001 576000
1695673757728 0.20449999999999974 580000
1695673782346 -0.042000000000000016 584000
1695673807492 -0.003 588000
1695673832025 -0.010499999999999999 592000
1695673856182 0.43099999999999994 596000
1695673880500 -0.010499999999999999 600000
1695673904889 -0.18550000000000055 604000
1695673929373 -0.18550000000000055 608000
1695673953727 0.4159999999999999 612000
1695673978519 -0.013499999999999998 616000
1695674003063 0.3829999999999999 620000
1695674027372 0.4174999999999999 624000
1695674051536 0.4174999999999999 628000
1695674076374 0.4607586233735776 632000
1695674101543 -0.016499999999999997 636000
1695674127667 -0.03600000000000001 640000
1695674152632 0.47 644000
1695674178825 0.3589999999999999 648000
1695674203209 0.476 652000
1695674227504 0.42499999999999993 656000
1695674253879 0.0 660000
1695674280047 0.35149999999999987 664000
1695674307975 0.0 668000
1695674339463 0.44299999999999995 672000
1695674364667 0.44299999999999995 676000
1695674389663 0.473 680000
1695674415985 0.476 684000
1695674441522 -0.014999999999999998 688000
1695674466229 0.45349999999999996 692000
1695674490542 -0.003 696000
1695674514871 -0.028500000000000008 700000
1695674539932 -0.0045000000000000005 704000
1695674564749 0.488 708000
1695674590979 0.38149999999999995 712000
1695674616401 0.0 716000
1695674640668 0.0 720000
1695674664581 -0.0015 724000
1695674689461 -0.0015 728000
1695674715305 0.0 732000
1695674741291 -0.003 736000
1695674765347 0.4895 740000
1695674789550 -0.003 744000
1695674813974 0.482 748000
1695674838226 0.0 752000
1695674862707 -1.3029999999999942 756000
1695674887037 0.4455 760000
1695674912664 0.22249999999999975 764000
1695674937766 0.4775 768000
1695674961989 0.4925 772000
1695674986053 -0.003 776000
1695675010411 0.482 780000
1695675034616 0.4835 784000
1695675058902 0.476 788000
1695675083982 -0.03450000000000001 792000
1695675109882 0.488 796000
1695675135578 0.46399999999999997 800000
1695675164972 0.43849999999999995 804000
1695675190842 -0.022500000000000003 808000
1695675216717 -0.003 812000
1695675241464 -0.0015 816000
1695675266155 0.4174999999999999 820000
1695675290869 0.485 824000
1695675315097 0.0 828000
1695675339945 0.4835 832000
1695675364422 0.488 836000
1695675388697 -0.0015 840000
1695675415081 -0.0045000000000000005 844000
1695675440298 0.0 848000
1695675465731 0.0 852000
1695675490908 0.497 856000
1695675516115 -0.04950000000000002 860000
1695675541847 -0.016499999999999997 864000
1695675568581 0.491 868000
1695675595590 0.0 872000
1695675622743 0.45 876000
1695675647740 0.4865 880000
1695675672193 0.0 884000
1695675696680 0.482 888000
1695675721277 0.45949999999999996 892000
1695675745702 0.491 896000
1695675769851 0.482 900000
1695675793533 0.479 904000
1695675817537 0.0 908000
1695675841494 0.491 912000
1695675865677 0.473 916000
