1695672410723 1.3668125 364000
1695672434627 1.108359375 368000
1695672460136 1.108359375 372000
1695672484834 -0.696000000000001 376000
1695672510136 -0.696000000000001 380000
1695672535474 -0.696000000000001 384000
1695672561407 -0.696000000000001 388000
1695672587151 -0.696000000000001 392000
1695672613125 -0.696000000000001 396000
1695672638752 -0.696000000000001 400000
1695672664284 -0.6640000000000009 404000
1695672689739 -0.6640000000000009 408000
1695672716146 -0.6640000000000009 412000
1695672740992 -0.6530000000000009 416000
1695672764768 -0.6530000000000009 420000
1695672788719 -0.006 424000
1695672812676 -0.740000000000001 428000
1695672836715 -0.740000000000001 432000
1695672860531 -0.752000000000001 436000
1695672884322 -0.752000000000001 440000
1695672908373 -0.752000000000001 444000
1695672932460 -0.752000000000001 448000
1695672956268 -0.752000000000001 452000
1695672980193 0.29310303354411016 456000
1695673004169 0.29310303354411016 460000
1695673027700 0.29310303354411016 464000
1695673052111 0.29310303354411016 468000
1695673078161 0.29310303354411016 472000
1695673103070 0.29310303354411016 476000
1695673127945 0.32528360500002884 480000
1695673152847 0.32528360500002884 484000
1695673177671 0.23564323781616967 488000
1695673202396 -0.04300000000000003 492000
1695673229101 -0.04300000000000003 496000
1695673257692 -0.04300000000000003 500000
1695673285269 -0.04300000000000003 504000
1695673312382 0.34499999999999986 508000
1695673340397 0.7398906249999997 512000
1695673365688 0.7398906249999997 516000
1695673391333 0.8305625 520000
1695673415909 0.7736875 524000
1695673440086 0.90071875 528000
1695673464141 0.7852812499999999 532000
1695673488149 0.7852812499999999 536000
1695673512055 0.9257187499999999 540000
1695673536196 0.5149531249999999 544000
1695673560652 0.977203125 548000
1695673585588 0.94478125 552000
1695673610163 0.96946875 556000
1695673635009 0.962546875 560000
1695673659665 0.96565625 564000
1695673684213 0.971578125 568000
1695673708598 0.04805000000001902 572000
1695673732838 0.933828125 576000
1695673757728 0.9445625 580000
1695673782346 0.95140625 584000
1695673807491 0.952 588000
1695673832025 0.951109375 592000
1695673856182 0.985046875 596000
1695673880500 0.9680625 600000
1695673904889 0.7909999999999999 604000
1695673929373 0.7909999999999999 608000
1695673953727 0.95803125 612000
1695673978519 0.9736875 616000
1695674003063 0.973796875 620000
1695674027372 0.973796875 624000
1695674051536 0.9486249999999999 628000
1695674076374 0.945078125 632000
1695674101543 0.926390625 636000
1695674127667 0.884296875 640000
1695674152632 0.884296875 644000
1695674178825 0.9092343749999999 648000
1695674203209 0.9092343749999999 652000
1695674227504 0.981125 656000
1695674253879 0.88371875 660000
1695674280047 0.9278593749999999 664000
1695674307974 0.98434375 668000
1695674339463 0.94959375 672000
1695674364667 0.947 676000
1695674389663 0.947 680000
1695674415985 0.932234375 684000
1695674441521 0.967171875 688000
1695674466229 0.9650625 692000
1695674490541 0.9259062499999999 696000
1695674514871 0.908625 700000
1695674539931 0.95259375 704000
1695674564749 0.95259375 708000
1695674590979 0.29769323781622525 712000
1695674616401 0.920953125 716000
1695674640668 0.981421875 720000
1695674664581 0.957921875 724000
1695674689461 0.975796875 728000
1695674715305 0.98775 732000
1695674741291 0.9849375 736000
1695674765347 0.95821875 740000
1695674789549 0.965953125 744000
1695674813974 0.978609375 748000
1695674838226 0.959625 752000
1695674862707 0.421 756000
1695674887036 0.8836875 760000
1695674912663 0.98634375 764000
1695674937766 0.987046875 768000
1695674961989 0.9793125 772000
1695674986052 0.96946875 776000
1695675010411 0.972984375 780000
1695675034616 0.8447343749999999 784000
1695675058902 0.959140625 788000
1695675083982 0.9590625 792000
1695675109882 0.951953125 796000
1695675135578 0.9849375 800000
1695675164972 0.964765625 804000
1695675190842 0.98634375 808000
1695675216717 0.94696875 812000
1695675241463 0.894828125 816000
1695675266155 0.967765625 820000
1695675290869 0.91678125 824000
1695675315097 0.9686875 828000
1695675339945 0.965578125 832000
1695675364422 0.985640625 836000
1695675388697 0.5828125 840000
1695675415081 0.961140625 844000
1695675440298 0.9755 848000
1695675465731 0.948140625 852000
1695675490908 0.971578125 856000
1695675516115 0.965875 860000
1695675541847 0.98634375 864000
1695675568581 0.910140625 868000
1695675595590 0.44199999999999995 872000
1695675622742 0.98634375 876000
1695675647740 0.983640625 880000
1695675672193 0.975796875 884000
1695675696680 0.982828125 888000
1695675721277 0.98534375 892000
1695675745702 0.94503125 896000
1695675769851 0.94503125 900000
1695675793533 0.948140625 904000
1695675817537 0.46399999999999997 908000
1695675841494 0.8604999999999999 912000
1695675865677 0.97690625 916000
