1695672410754 0.11009737702781407 364000
1695672434659 0.10783377792342903 368000
1695672460166 0.10783377792342903 372000
1695672484865 0.10680326842941691 376000
1695672510166 0.10691986694200423 380000
1695672535507 0.10700940824694964 384000
1695672561436 0.10710091922390734 388000
1695672587179 0.10728714188594392 392000
1695672613154 0.10748179028671973 396000
1695672638782 0.10760755266977463 400000
1695672664314 0.10812425159355092 404000
1695672689767 0.1091541995828765 408000
1695672716176 0.10970857971405419 412000
1695672741023 0.10998787129158195 416000
1695672764797 0.1096412978300711 420000
1695672788748 0.10943409388531154 424000
1695672812704 0.109226200536444 428000
1695672836743 0.10931967696225563 432000
1695672860559 0.10826523218904863 436000
1695672884351 0.10796265638146131 440000
1695672908403 0.10800742377183252 444000
1695672932489 0.10780882997301261 448000
1695672956297 0.10758582553600057 452000
1695672980223 0.10678449971526405 456000
1695673004198 0.10683077311292027 460000
1695673027729 0.10676348805562691 464000
1695673052140 0.10682738245020922 468000
1695673078191 0.10660511846328241 472000
1695673103099 0.10671697176070605 476000
1695673127976 0.10671446042239628 480000
1695673152876 0.10671446042239628 484000
1695673177699 0.10681676353147541 488000
1695673202427 0.10690008291375723 492000
1695673229134 0.10676094387854335 496000
1695673257722 0.10689212179468274 500000
1695673285298 0.10714737552526263 504000
1695673312412 0.10816363482815664 508000
1695673340427 0.10848042887513648 512000
1695673365716 0.10840478557519571 516000
1695673391363 0.1083395439499642 520000
1695673415939 0.10844938500614447 524000
1695673440115 0.1082049966037004 528000
1695673464170 0.10800164759175856 532000
1695673488180 0.10784920919962807 536000
1695673512084 0.10795829751645065 540000
1695673536226 0.10768783360794255 544000
1695673560681 0.10749943881202007 548000
1695673585617 0.10751087445493367 552000
1695673610193 0.10752234375482182 556000
1695673635039 0.10731458224532293 560000
1695673659694 0.1072859507997946 564000
1695673684242 0.10707968169188418 568000
1695673708628 0.10730808614286748 572000
1695673732867 0.10720630202784863 576000
1695673757757 0.1071383889983389 580000
1695673782375 0.10696274648003663 584000
1695673807522 0.107179360736656 588000
1695673832055 0.10744046640082414 592000
1695673856211 0.10726991693259676 596000
1695673880529 0.10719980391245156 600000
1695673904918 0.10709733537062427 604000
1695673929402 0.1070229364528775 608000
1695673953758 0.10672436499872515 612000
1695673978548 0.10657205752176938 616000
1695674003091 0.10698465837846159 620000
1695674027402 0.10699980685583521 624000
1695674051565 0.10665409607612426 628000
1695674076403 0.10662561628817045 632000
1695674101573 0.10687899111854886 636000
1695674127696 0.10706315150111889 640000
1695674152662 0.10717148686517096 644000
1695674178854 0.10701885854086945 648000
1695674203238 0.10681941151238147 652000
1695674227533 0.10682118402613355 656000
1695674253909 0.10672184995590822 660000
1695674280078 0.10666130206760224 664000
1695674308009 0.10673486246451437 668000
1695674339493 0.10718097054270725 672000
1695674364696 0.10683332204849784 676000
1695674389693 0.10706201127163319 680000
1695674416014 0.10712195551808013 684000
1695674441551 0.10711250304572045 688000
1695674466259 0.10727052897320528 692000
1695674490571 0.10715118672263287 696000
1695674514900 0.10709531964653576 700000
1695674539961 0.10681302281156568 704000
1695674564779 0.10669519954264464 708000
1695674591009 0.10680426063486705 712000
1695674616430 0.10732932406008872 716000
1695674640698 0.10727603413647212 720000
1695674664609 0.10690142098712982 724000
1695674689491 0.10708800195952815 728000
1695674715336 0.10721512832409855 732000
1695674741320 0.10740110074576789 736000
1695674765377 0.10712866325715027 740000
1695674789579 0.10699123717893091 744000
1695674814004 0.10709422488738805 748000
1695674838254 0.10682168034050683 752000
1695674862736 0.10702359925130564 756000
1695674887066 0.10696013595664851 760000
1695674912692 0.10687187338129149 764000
1695674937795 0.10698687107979443 768000
1695674962018 0.1069296371670064 772000
1695674986081 0.10688689640040429 776000
1695675010440 0.10684626158706567 780000
1695675034645 0.10687793508312934 784000
1695675058931 0.10679533278427918 788000
1695675084011 0.10672939994155804 792000
1695675109913 0.10690216991689754 796000
1695675135615 0.10682036626290461 800000
1695675165001 0.10701480537887774 804000
1695675190870 0.10695775557668363 808000
1695675216746 0.10704292005282488 812000
1695675241492 0.10698511795320435 816000
1695675266184 0.10697140349240436 820000
1695675290897 0.10701434974715253 824000
1695675315127 0.1069812738329187 828000
1695675339975 0.10687139935407806 832000
1695675364452 0.10698373504526967 836000
1695675388726 0.10693163199976201 840000
1695675415111 0.10688374065850097 844000
1695675440327 0.10686074037033179 848000
1695675465760 0.10698537301501759 852000
1695675490937 0.10698231199226506 856000
1695675516144 0.10700352641044698 860000
1695675541876 0.10695462880755499 864000
1695675568610 0.10708191121362394 868000
1695675595620 0.10714196923380664 872000
1695675622772 0.10715899165943327 876000
1695675647769 0.10731887645735366 880000
1695675672222 0.1071949517014548 884000
1695675696710 0.10719103725436815 888000
1695675721307 0.10721427627006683 892000
1695675745732 0.10644183287781539 896000
1695675769881 0.10681124678198756 900000
1695675793562 0.10728483446329096 904000
1695675817566 0.10718500432324315 908000
1695675841523 0.1064987860841363 912000
1695675865706 0.10681358302722799 916000
