1695672410754 0.0 364000
1695672434660 0.0 368000
1695672460167 0.0 372000
1695672484866 0.0 376000
1695672510166 0.0 380000
1695672535507 0.0 384000
1695672561437 0.0 388000
1695672587180 0.0 392000
1695672613155 0.0 396000
1695672638782 0.0 400000
1695672664314 0.0 404000
1695672689768 0.0 408000
1695672716177 0.0 412000
1695672741024 0.0 416000
1695672764798 0.0 420000
1695672788748 0.0 424000
1695672812704 0.0 428000
1695672836744 0.0 432000
1695672860560 0.0 436000
1695672884351 0.0 440000
1695672908403 0.0 444000
1695672932489 0.0 448000
1695672956298 0.0 452000
1695672980223 0.0 456000
1695673004199 0.0 460000
1695673027730 0.0 464000
1695673052140 0.0 468000
1695673078192 0.0 472000
1695673103100 0.0 476000
1695673127977 0.0 480000
1695673152876 0.0 484000
1695673177699 0.0 488000
1695673202427 0.0 492000
1695673229134 0.0 496000
1695673257722 0.0 500000
1695673285298 0.0 504000
1695673312412 0.0 508000
1695673340428 0.0 512000
1695673365716 0.0 516000
1695673391363 0.0 520000
1695673415940 0.0 524000
1695673440115 0.0 528000
1695673464170 0.0 532000
1695673488181 0.0 536000
1695673512084 0.0 540000
1695673536226 0.0 544000
1695673560682 0.0 548000
1695673585618 0.0 552000
1695673610193 0.0 556000
1695673635039 0.0 560000
1695673659695 0.0 564000
1695673684242 0.0 568000
1695673708628 0.0 572000
1695673732867 0.0 576000
1695673757758 0.0 580000
1695673782375 0.0 584000
1695673807522 0.0 588000
1695673832055 0.0 592000
1695673856211 0.0 596000
1695673880530 0.0 600000
1695673904918 0.0 604000
1695673929402 0.0 608000
1695673953758 0.0 612000
1695673978548 0.0 616000
1695674003091 0.0 620000
1695674027402 0.0 624000
1695674051566 0.0 628000
1695674076403 0.0 632000
1695674101574 0.0 636000
1695674127697 0.0 640000
1695674152662 0.0 644000
1695674178854 0.0 648000
1695674203238 0.0 652000
1695674227533 0.0 656000
1695674253909 0.0 660000
1695674280078 0.0 664000
1695674308010 0.0 668000
1695674339493 0.0 672000
1695674364697 0.0 676000
1695674389694 0.0 680000
1695674416014 0.0 684000
1695674441551 0.0 688000
1695674466260 0.0 692000
1695674490571 0.0 696000
1695674514900 0.0 700000
1695674539961 0.0 704000
1695674564779 0.0 708000
1695674591009 0.0 712000
1695674616430 0.0 716000
1695674640698 0.0 720000
1695674664610 0.0 724000
1695674689491 0.0 728000
1695674715336 0.0 732000
1695674741320 0.0 736000
1695674765377 0.0 740000
1695674789579 0.0 744000
1695674814004 0.0 748000
1695674838255 0.0 752000
1695674862736 0.0 756000
1695674887066 0.0 760000
1695674912693 0.0 764000
1695674937796 0.0 768000
1695674962019 0.0 772000
1695674986082 0.0 776000
1695675010441 0.0 780000
1695675034646 0.0 784000
1695675058931 0.0 788000
1695675084011 0.0 792000
1695675109913 0.0 796000
1695675135616 0.0 800000
1695675165002 0.0 804000
1695675190870 0.0 808000
1695675216746 0.0 812000
1695675241493 0.0 816000
1695675266185 0.0 820000
1695675290898 0.0 824000
1695675315127 0.0 828000
1695675339976 0.0 832000
1695675364453 0.0 836000
1695675388726 0.0 840000
1695675415111 0.0 844000
1695675440327 0.0 848000
1695675465760 0.0 852000
1695675490937 0.0 856000
1695675516144 0.0 860000
1695675541877 0.0 864000
1695675568610 0.0 868000
1695675595620 0.0 872000
1695675622772 0.0 876000
1695675647770 0.0 880000
1695675672223 0.0 884000
1695675696710 0.0 888000
1695675721307 0.0 892000
1695675745733 0.0 896000
1695675769881 0.0 900000
1695675793562 0.0 904000
1695675817567 0.0 908000
1695675841524 0.0 912000
1695675865706 0.0 916000
