1695672410753 0.3899344429865565 364000
1695672434659 0.3771514337818714 368000
1695672460166 0.3771514337818714 372000
1695672484865 0.3650978891459843 376000
1695672510166 0.3648561533767492 380000
1695672535506 0.3648686952568908 384000
1695672561436 0.3637354067890584 388000
1695672587179 0.36277271882526047 392000
1695672613154 0.3629338112727375 396000
1695672638781 0.36080624687340873 400000
1695672664313 0.3613351357018268 404000
1695672689767 0.36575601031084654 408000
1695672716176 0.3682627210015714 412000
1695672741023 0.3696630923889802 416000
1695672764797 0.36872233800085363 420000
1695672788747 0.36855686195387527 424000
1695672812704 0.3680444352706663 428000
1695672836743 0.368481866417401 432000
1695672860559 0.3648240257422914 436000
1695672884351 0.3635429291852481 440000
1695672908402 0.36408007372495993 444000
1695672932489 0.3637580302736437 448000
1695672956297 0.36263292768031496 452000
1695672980222 0.36039840789921 456000
1695673004198 0.3604547486546255 460000
1695673027729 0.3596529698272875 464000
1695673052140 0.35976060688147476 468000
1695673078191 0.35941400809455937 472000
1695673103099 0.35947569320839273 476000
1695673127976 0.35926629187281334 480000
1695673152875 0.35926629187281334 484000
1695673177699 0.3594239014498447 488000
1695673202426 0.35966784713832767 492000
1695673229133 0.35979506521523824 496000
1695673257721 0.360611269291061 500000
1695673285298 0.3618313084395997 504000
1695673312411 0.3649297408861321 508000
1695673340427 0.36590912432585176 512000
1695673365715 0.3672044950492995 516000
1695673391362 0.3668901801147474 520000
1695673415939 0.3675653328653675 524000
1695673440115 0.36667305102576675 528000
1695673464169 0.36658954531253785 532000
1695673488180 0.36735507502120385 536000
1695673512084 0.3687218668761566 540000
1695673536225 0.36706576192242385 544000
1695673560681 0.3675845080313457 548000
1695673585617 0.36686535033061307 552000
1695673610193 0.368142444790121 556000
1695673635038 0.3691541985178764 560000
1695673659694 0.3698355191931412 564000
1695673684241 0.3694936174862199 568000
1695673708627 0.3698259983444323 572000
1695673732867 0.3700331633832436 576000
1695673757757 0.3707715314483392 580000
1695673782374 0.37105418883583347 584000
1695673807521 0.37239322701669936 588000
1695673832054 0.3733685407518255 592000
1695673856210 0.37401038491280786 596000
1695673880529 0.37489899940495136 600000
1695673904917 0.3748556060412859 604000
1695673929402 0.3734719273317532 608000
1695673953758 0.3708839205996658 612000
1695673978547 0.37107458392148523 616000
1695674003091 0.37290819702409606 620000
1695674027401 0.3725405184648586 624000
1695674051565 0.37285579983439876 628000
1695674076403 0.37265939103924856 632000
1695674101573 0.37244238744096975 636000
1695674127696 0.3735654724128078 640000
1695674152661 0.3750003968032994 644000
1695674178853 0.37581912491136876 648000
1695674203238 0.37550065044010256 652000
1695674227532 0.37409134751184125 656000
1695674253909 0.3729439010294671 660000
1695674280077 0.37344888244962704 664000
1695674308009 0.3742685354376958 668000
1695674339492 0.37686216682849705 672000
1695674364696 0.37550257638690887 676000
1695674389693 0.37499128202107307 680000
1695674416014 0.37507328254642736 684000
1695674441550 0.3771229690363452 688000
1695674466259 0.3780875809491751 692000
1695674490571 0.37769402693904663 696000
1695674514900 0.3772158257608752 700000
1695674539960 0.3763997730534565 704000
1695674564778 0.3760525735510692 708000
1695674591009 0.37744573411489435 712000
1695674616429 0.37798926855385956 716000
1695674640697 0.37919018816778177 720000
1695674664609 0.3784379136377619 724000
1695674689491 0.3789696618313309 728000
1695674715335 0.37891817425305313 732000
1695674741320 0.38054228379215777 736000
1695674765376 0.3803857067850686 740000
1695674789578 0.3800921526679836 744000
1695674814003 0.3809811745577336 748000
1695674838254 0.3810872481046233 752000
1695674862736 0.3815218585633063 756000
1695674887066 0.3818685151095201 760000
1695674912692 0.3825802467068592 764000
1695674937795 0.3831668618417486 768000
1695674962018 0.3837545134783132 772000
1695674986081 0.38340361474522777 776000
1695675010440 0.38442625596481994 780000
1695675034645 0.38446311341497574 784000
1695675058931 0.38444363662010506 788000
1695675084010 0.3850567110790179 792000
1695675109912 0.3863823411955263 796000
1695675135615 0.3866462266166198 800000
1695675165001 0.3872071914445477 804000
1695675190870 0.3875656854386832 808000
1695675216745 0.3879509040658302 812000
1695675241492 0.38840497710282573 816000
1695675266184 0.3887219389761144 820000
1695675290897 0.3885469504953119 824000
1695675315126 0.3890741457299009 828000
1695675339975 0.39000312964875544 832000
1695675364452 0.3903801537279199 836000
1695675388725 0.3897376112776364 840000
1695675415110 0.3904776117524175 844000
1695675440327 0.3910225753088339 848000
1695675465760 0.3920948150265153 852000
1695675490936 0.39269404531955354 856000
1695675516144 0.39304287896116513 860000
1695675541876 0.3933049721998444 864000
1695675568610 0.3943051582036698 868000
1695675595619 0.3946287729844047 872000
1695675622771 0.39445748716137646 876000
1695675647769 0.3955342788640771 880000
1695675672222 0.3954372520808912 884000
1695675696709 0.39589519584271127 888000
1695675721307 0.39612559541384545 892000
1695675745732 0.39459885625204244 896000
1695675769880 0.3960736196412961 900000
1695675793561 0.3973883688014782 904000
1695675817566 0.3964052580863028 908000
1695675841523 0.39470843764673613 912000
1695675865706 0.3950010031794952 916000
