1695672410754 0.2404051441171922 364000
1695672434659 0.23074749296450867 368000
1695672460167 0.23074749296450867 372000
1695672484866 0.22237781184745478 376000
1695672510166 0.22224263397454816 380000
1695672535507 0.22225962469577729 384000
1695672561436 0.2215676176889196 388000
1695672587180 0.2207771662378104 392000
1695672613155 0.22078883202008776 396000
1695672638782 0.21899523079763522 400000
1695672664314 0.2187381789718585 404000
1695672689768 0.22052110943430178 408000
1695672716176 0.22183898236494776 412000
1695672741023 0.2227656295189723 416000
1695672764798 0.22157621108728937 420000
1695672788748 0.2210720364361244 424000
1695672812704 0.22064548187884603 428000
1695672836743 0.22140316168588853 432000
1695672860560 0.21842252069730617 436000
1695672884351 0.21744510849066268 440000
1695672908403 0.21822960398459415 444000
1695672932489 0.2181425620687706 448000
1695672956297 0.21770012522020132 452000
1695672980223 0.2154303248006565 456000
1695673004198 0.21575329070407345 460000
1695673027729 0.21543640453929863 464000
1695673052140 0.21569818839099192 468000
1695673078191 0.21556167122058106 472000
1695673103100 0.21611188086499086 476000
1695673127977 0.21633632678281933 480000
1695673152876 0.21633632678281933 484000
1695673177699 0.2173240791270366 488000
1695673202427 0.21783959669292063 492000
1695673229134 0.21806693770053087 496000
1695673257722 0.21880899147008046 500000
1695673285298 0.21938051849647447 504000
1695673312412 0.22169678569756035 508000
1695673340427 0.2225608406978247 512000
1695673365716 0.2225982927277245 516000
1695673391363 0.22264257646821092 520000
1695673415940 0.22261679755931865 524000
1695673440115 0.22106180350940824 528000
1695673464170 0.2212392581952558 532000
1695673488180 0.22101256449675483 536000
1695673512084 0.22163415523117305 540000
1695673536226 0.22028320011563055 544000
1695673560682 0.22003638487937663 548000
1695673585618 0.21972123315109088 552000
1695673610193 0.220569366960491 556000
1695673635039 0.2200706997784768 560000
1695673659695 0.22019603951830824 564000
1695673684242 0.2193774262778251 568000
1695673708628 0.22014021130816366 572000
1695673732867 0.2199654315392068 576000
1695673757758 0.2197917712641255 580000
1695673782375 0.2191587955878232 584000
1695673807522 0.22049708717941455 588000
1695673832055 0.2213636637373937 592000
1695673856211 0.2209527776875628 596000
1695673880529 0.22173756373922848 600000
1695673904918 0.22178083437235074 604000
1695673929402 0.22108272308385563 608000
1695673953758 0.21927201500317242 612000
1695673978548 0.2190041227431738 616000
1695674003091 0.220526895960662 620000
1695674027402 0.22051007568713138 624000
1695674051565 0.21987542659694292 628000
1695674076403 0.21975000845320733 632000
1695674101574 0.2207940132098545 636000
1695674127696 0.22117471928908103 640000
1695674152662 0.2226632305158608 644000
1695674178854 0.22211057758125988 648000
1695674203238 0.22178938228269796 652000
1695674227533 0.22123549034070197 656000
1695674253909 0.22088849795928092 660000
1695674280078 0.2205563416680892 664000
1695674308009 0.22065977212893456 668000
1695674339493 0.22141695000343595 672000
1695674364697 0.22086848728531058 676000
1695674389694 0.22129968955944318 680000
1695674416014 0.22197443887248078 684000
1695674441551 0.2215347687574549 688000
1695674466259 0.2222308863900206 692000
1695674490571 0.2218916487298886 696000
1695674514900 0.22217367416180617 700000
1695674539961 0.2217862845669135 704000
1695674564779 0.2221692861871883 708000
1695674591009 0.22174921150965707 712000
1695674616430 0.2231314806587978 716000
1695674640698 0.22285060767313844 720000
1695674664609 0.22183523968412633 724000
1695674689491 0.22269459688047366 728000
1695674715336 0.22292145461581872 732000
1695674741320 0.22331422321035252 736000
1695674765377 0.22277431375901313 740000
1695674789579 0.22274735051391084 744000
1695674814004 0.2232351658295279 748000
1695674838255 0.22247399575941318 752000
1695674862736 0.22295445219503635 756000
1695674887066 0.22267880883067584 760000
1695674912693 0.22265573532147623 764000
1695674937795 0.22291196411693137 768000
1695674962019 0.22286316493906944 772000
1695674986082 0.22286433957122082 776000
1695675010441 0.22288007940608362 780000
1695675034646 0.2230223030212993 784000
1695675058931 0.22273970595858172 788000
1695675084011 0.2228682669031405 792000
1695675109913 0.22313312750615893 796000
1695675135616 0.22274321569045086 800000
1695675165002 0.22330520500881704 804000
1695675190870 0.2233710612666397 808000
1695675216746 0.22337047660692375 812000
1695675241493 0.2234565199479791 816000
1695675266185 0.22355978071712806 820000
1695675290898 0.22352923981468145 824000
1695675315127 0.22346910917244917 828000
1695675339975 0.22339089230950043 832000
1695675364453 0.22356754268056 836000
1695675388726 0.2235776224072516 840000
1695675415111 0.22335258765369875 844000
1695675440327 0.22335906769513295 848000
1695675465760 0.22369009069949755 852000
1695675490937 0.22377291428376175 856000
1695675516144 0.22380127483743922 860000
1695675541876 0.22391755895097493 864000
1695675568610 0.22414131499110657 868000
1695675595620 0.22413376384271286 872000
1695675622772 0.22407708549797625 876000
1695675647770 0.2245944149967417 880000
1695675672222 0.2243148697959781 884000
1695675696710 0.22442188869245452 888000
1695675721307 0.22446414363868508 892000
1695675745732 0.22286205405189186 896000
1695675769881 0.22392612445319332 900000
1695675793562 0.22498643305243893 904000
1695675817566 0.22455111860575708 908000
1695675841524 0.22282346557609553 912000
1695675865706 0.223106910193239 916000
