1695672410753 2.4566748667903466 364000
1695672434659 2.402642622264532 368000
1695672460166 2.402642622264532 372000
1695672484865 2.3771877669819372 376000
1695672510166 2.378621100305851 380000
1695672535507 2.3792044281838134 384000
1695672561436 2.3798873786546966 388000
1695672587179 2.3838179280116565 392000
1695672613154 2.3865395786612265 396000
1695672638781 2.3860473584663833 400000
1695672664314 2.3948550498255354 404000
1695672689767 2.41618570034399 408000
1695672716176 2.4274579745703546 412000
1695672741023 2.434963278908804 416000
1695672764797 2.427518330318336 420000
1695672788747 2.423357846854937 424000
1695672812704 2.4200534121449784 428000
1695672836743 2.4208662029229817 432000
1695672860559 2.3977851278977402 436000
1695672884351 2.392219558154862 440000
1695672908402 2.391993747379546 444000
1695672932489 2.3872539283293097 448000
1695672956297 2.3802096452422865 452000
1695672980222 2.3640543436464623 456000
1695673004198 2.3673456148898855 460000
1695673027729 2.367562776296193 464000
1695673052140 2.3697923815098796 468000
1695673078191 2.3658113183307914 472000
1695673103099 2.368329488697618 476000
1695673127976 2.3686840632191806 480000
1695673152875 2.3686840632191806 484000
1695673177699 2.369250706314294 488000
1695673202427 2.3711739912610015 492000
1695673229133 2.3718336987846333 496000
1695673257721 2.378181651609181 500000
1695673285298 2.3850157037075017 504000
1695673312412 2.403375125075369 508000
1695673340427 2.410612575211953 512000
1695673365716 2.40878621030468 516000
1695673391362 2.4095369756189338 520000
1695673415939 2.4114401354024384 524000
1695673440115 2.405471369911636 528000
1695673464169 2.3999467004559834 532000
1695673488180 2.397298031873339 536000
1695673512084 2.3996348010814024 540000
1695673536225 2.3943265549602932 544000
1695673560681 2.390847696415251 548000
1695673585617 2.388995474469765 552000
1695673610193 2.3890717612165413 556000
1695673635039 2.3867417359590966 560000
1695673659694 2.383834268408434 564000
1695673684242 2.3813577428274972 568000
1695673708627 2.383878923149216 572000
1695673732867 2.382365680623597 576000
1695673757757 2.3826920732080987 580000
1695673782374 2.37763142012272 584000
1695673807521 2.3834576046073135 588000
1695673832054 2.38734547480269 592000
1695673856211 2.3839418959183623 596000
1695673880529 2.383134682552304 600000
1695673904918 2.381030857491781 604000
1695673929402 2.3773297518218097 608000
1695673953758 2.369407368856267 612000
1695673978548 2.3678345899584934 616000
1695674003091 2.3794532751984705 620000
1695674027401 2.378539811572442 624000
1695674051565 2.3679275073302746 628000
1695674076403 2.3680234111776772 632000
1695674101573 2.3747113687284385 636000
1695674127696 2.3802298308102476 640000
1695674152661 2.3818962719173467 644000
1695674178854 2.377191447223924 648000
1695674203238 2.374937032324923 652000
1695674227532 2.3765138395489824 656000
1695674253909 2.375913926696191 660000
1695674280077 2.37067178419812 664000
1695674308009 2.371451002176751 668000
1695674339493 2.3922057817554445 672000
1695674364696 2.380628396548158 676000
1695674389693 2.385353577025605 680000
1695674416014 2.381953604611356 684000
1695674441550 2.3877515748368325 688000
1695674466259 2.3967815240504327 692000
1695674490571 2.3897541194451164 696000
1695674514900 2.3870769426231213 700000
1695674539960 2.375076409489026 704000
1695674564779 2.369700132845893 708000
1695674591009 2.37549243222959 712000
1695674616429 2.388556047987068 716000
1695674640697 2.3909976921952367 720000
1695674664609 2.3793178253715284 724000
1695674689491 2.385427754323061 728000
1695674715335 2.3874370469408928 732000
1695674741320 2.3928350219366292 736000
1695674765376 2.3848959726927483 740000
1695674789579 2.3813285061770317 744000
1695674814003 2.3841423527517525 748000
1695674838254 2.3776434978858845 752000
1695674862736 2.3822092708483438 756000
1695674887066 2.381329711184356 760000
1695674912692 2.3786610526841496 764000
1695674937795 2.382295790130496 768000
1695674962018 2.3822778024229256 772000
1695674986081 2.378812780705341 776000
1695675010440 2.378981448064617 780000
1695675034645 2.379086949450885 784000
1695675058931 2.3764474630754853 788000
1695675084011 2.3751459194865867 792000
1695675109912 2.3803286556086807 796000
1695675135615 2.3799858914576997 800000
1695675165001 2.383621968072313 804000
1695675190870 2.3814098180149728 808000
1695675216746 2.38394793840141 812000
1695675241492 2.3825444688808317 816000
1695675266184 2.3816300154596277 820000
1695675290897 2.382477706369345 824000
1695675315127 2.3825327507331195 828000
1695675339975 2.3826637944369224 832000
1695675364452 2.3848969613057855 836000
1695675388725 2.3817364398879888 840000
1695675415110 2.3808532575575705 844000
1695675440327 2.3804595887892264 848000
1695675465760 2.3844568527917813 852000
1695675490936 2.384962132087021 856000
1695675516144 2.385277248852246 860000
1695675541876 2.383987851406463 864000
1695675568610 2.3878539258602207 868000
1695675595620 2.388373623713391 872000
1695675622771 2.3875678720546225 876000
1695675647769 2.391898134745744 880000
1695675672222 2.38893452319896 884000
1695675696709 2.3887636618283996 888000
1695675721307 2.38915166059214 892000
1695675745732 2.3707871199775417 896000
1695675769881 2.380332006697231 900000
1695675793562 2.39539482891785 904000
1695675817566 2.3912235318062955 908000
1695675841523 2.3735222832510767 912000
1695675865706 2.3789411349263765 916000
