1695672410758 0.0 364000
1695672434663 0.0 368000
1695672460170 0.0 372000
1695672484869 0.0 376000
1695672510170 0.0 380000
1695672535511 0.0 384000
1695672561440 0.0 388000
1695672587183 0.0 392000
1695672613158 0.0 396000
1695672638785 0.0 400000
1695672664318 0.0 404000
1695672689771 0.0 408000
1695672716180 0.0 412000
1695672741027 0.0 416000
1695672764801 0.0 420000
1695672788751 0.0 424000
1695672812707 0.0 428000
1695672836747 0.0 432000
1695672860563 0.0 436000
1695672884354 0.0 440000
1695672908406 0.0 444000
1695672932493 0.0 448000
1695672956301 0.0 452000
1695672980226 0.0 456000
1695673004202 0.0 460000
1695673027733 0.0 464000
1695673052143 0.0 468000
1695673078195 0.0 472000
1695673103103 0.0 476000
1695673127980 0.0 480000
1695673152879 0.0 484000
1695673177702 0.0 488000
1695673202431 0.0 492000
1695673229138 0.0 496000
1695673257725 0.0 500000
1695673285302 0.0 504000
1695673312416 0.0 508000
1695673340431 0.0 512000
1695673365719 0.0 516000
1695673391366 0.0 520000
1695673415943 0.0 524000
1695673440119 0.0 528000
1695673464173 0.0 532000
1695673488184 0.0 536000
1695673512088 0.0 540000
1695673536229 0.0 544000
1695673560685 0.0 548000
1695673585621 0.0 552000
1695673610197 0.0 556000
1695673635043 0.0 560000
1695673659698 0.0 564000
1695673684245 0.0 568000
1695673708631 0.0 572000
1695673732871 0.0 576000
1695673757761 0.0 580000
1695673782378 0.0 584000
1695673807525 0.0 588000
1695673832058 0.0 592000
1695673856214 0.0 596000
1695673880533 0.0 600000
1695673904922 0.0 604000
1695673929406 0.0 608000
1695673953762 0.0 612000
1695673978551 0.0 616000
1695674003095 0.0 620000
1695674027405 0.0 624000
1695674051569 0.0 628000
1695674076407 0.0 632000
1695674101577 0.0 636000
1695674127700 0.0 640000
1695674152665 0.0 644000
1695674178858 0.0 648000
1695674203242 0.0 652000
1695674227536 0.0 656000
1695674253913 0.0 660000
1695674280081 0.0 664000
1695674308014 0.0 668000
1695674339496 0.0 672000
1695674364700 0.0 676000
1695674389697 0.0 680000
1695674416018 0.0 684000
1695674441554 0.0 688000
1695674466263 0.0 692000
1695674490575 0.0 696000
1695674514904 0.0 700000
1695674539964 0.0 704000
1695674564783 0.0 708000
1695674591013 0.0 712000
1695674616433 0.0 716000
1695674640701 0.0 720000
1695674664613 0.0 724000
1695674689495 0.0 728000
1695674715340 0.0 732000
1695674741324 0.0 736000
1695674765380 0.0 740000
1695674789582 0.0 744000
1695674814007 0.0 748000
1695674838258 0.0 752000
1695674862740 0.0 756000
1695674887070 0.0 760000
1695674912696 0.0 764000
1695674937799 0.0 768000
1695674962022 0.0 772000
1695674986085 0.0 776000
1695675010444 0.0 780000
1695675034649 0.0 784000
1695675058935 0.0 788000
1695675084014 0.0 792000
1695675109916 0.0 796000
1695675135619 0.0 800000
1695675165005 0.0 804000
1695675190874 0.0 808000
1695675216750 0.0 812000
1695675241496 0.0 816000
1695675266188 0.0 820000
1695675290901 0.0 824000
1695675315131 0.0 828000
1695675339979 0.0 832000
1695675364456 0.0 836000
1695675388729 0.0 840000
1695675415114 0.0 844000
1695675440331 0.0 848000
1695675465763 0.0 852000
1695675490940 0.0 856000
1695675516147 0.0 860000
1695675541880 0.0 864000
1695675568614 0.0 868000
1695675595624 0.0 872000
1695675622775 0.0 876000
1695675647773 0.0 880000
1695675672226 0.0 884000
1695675696713 0.0 888000
1695675721311 0.0 892000
1695675745736 0.0 896000
1695675769884 0.0 900000
1695675793565 0.0 904000
1695675817570 0.0 908000
1695675841527 0.0 912000
1695675865710 0.0 916000
