1695672410763 -1.0 364000
1695672434669 -1.0 368000
1695672460176 -1.0 372000
1695672484875 -1.0 376000
1695672510175 -1.0 380000
1695672535517 -1.0 384000
1695672561446 -1.0 388000
1695672587188 -1.0 392000
1695672613163 -1.0 396000
1695672638791 -1.0 400000
1695672664323 -1.0 404000
1695672689776 -1.0 408000
1695672716185 -1.0 412000
1695672741033 -1.0 416000
1695672764806 -1.0 420000
1695672788757 -1.0 424000
1695672812713 -1.0 428000
1695672836752 -1.0 432000
1695672860568 -1.0 436000
1695672884360 -1.0 440000
1695672908412 -1.0 444000
1695672932498 -1.0 448000
1695672956306 -1.0 452000
1695672980232 -1.0 456000
1695673004207 -1.0 460000
1695673027738 -1.0 464000
1695673052149 -1.0 468000
1695673078201 -1.0 472000
1695673103108 -1.0 476000
1695673127986 -1.0 480000
1695673152885 -1.0 484000
1695673177708 -1.0 488000
1695673202437 -1.0 492000
1695673229144 -1.0 496000
1695673257731 -1.0 500000
1695673285307 -1.0 504000
1695673312421 -1.0 508000
1695673340436 -1.0 512000
1695673365724 -1.0 516000
1695673391372 -1.0 520000
1695673415948 -1.0 524000
1695673440124 -1.0 528000
1695673464178 -1.0 532000
1695673488189 -1.0 536000
1695673512093 -1.0 540000
1695673536235 -1.0 544000
1695673560690 -1.0 548000
1695673585627 -1.0 552000
1695673610202 -1.0 556000
1695673635048 -1.0 560000
1695673659703 -1.0 564000
1695673684251 -1.0 568000
1695673708637 -1.0 572000
1695673732876 -1.0 576000
1695673757767 -1.0 580000
1695673782384 -1.0 584000
1695673807531 -1.0 588000
1695673832064 -1.0 592000
1695673856220 -1.0 596000
1695673880538 -1.0 600000
1695673904927 -1.0 604000
1695673929411 -1.0 608000
1695673953767 -1.0 612000
1695673978557 -1.0 616000
1695674003100 -1.0 620000
1695674027411 -1.0 624000
1695674051574 -1.0 628000
1695674076412 -1.0 632000
1695674101583 -1.0 636000
1695674127705 -1.0 640000
1695674152671 -1.0 644000
1695674178863 -1.0 648000
1695674203247 -1.0 652000
1695674227542 -1.0 656000
1695674253918 -1.0 660000
1695674280087 -1.0 664000
1695674308021 -1.0 668000
1695674339502 -1.0 672000
1695674364706 -1.0 676000
1695674389703 -1.0 680000
1695674416023 -1.0 684000
1695674441560 -1.0 688000
1695674466269 -1.0 692000
1695674490580 -1.0 696000
1695674514909 -1.0 700000
1695674539970 -1.0 704000
1695674564788 -1.0 708000
1695674591018 -1.0 712000
1695674616439 -1.0 716000
1695674640707 -1.0 720000
1695674664618 -1.0 724000
1695674689500 -1.0 728000
1695674715345 -1.0 732000
1695674741329 -1.0 736000
1695674765386 -1.0 740000
1695674789588 -1.0 744000
1695674814013 -1.0 748000
1695674838263 -1.0 752000
1695674862745 -1.0 756000
1695674887075 -1.0 760000
1695674912702 -1.0 764000
1695674937804 -1.0 768000
1695674962027 -1.0 772000
1695674986090 -1.0 776000
1695675010450 -1.0 780000
1695675034654 -1.0 784000
1695675058940 -1.0 788000
1695675084020 -1.0 792000
1695675109922 -1.0 796000
1695675135625 -1.0 800000
1695675165011 -1.0 804000
1695675190879 -1.0 808000
1695675216755 -1.0 812000
1695675241501 -1.0 816000
1695675266193 -1.0 820000
1695675290906 -1.0 824000
1695675315136 -1.0 828000
1695675339985 -1.0 832000
1695675364462 -1.0 836000
1695675388735 -1.0 840000
1695675415120 -1.0 844000
1695675440336 -1.0 848000
1695675465769 -1.0 852000
1695675490945 -1.0 856000
1695675516153 -1.0 860000
1695675541885 -1.0 864000
1695675568619 -1.0 868000
1695675595629 -1.0 872000
1695675622781 -1.0 876000
1695675647778 -1.0 880000
1695675672231 -1.0 884000
1695675696719 -1.0 888000
1695675721316 -1.0 892000
1695675745741 -1.0 896000
1695675769890 -1.0 900000
1695675793571 -1.0 904000
1695675817575 -1.0 908000
1695675841533 -1.0 912000
1695675865715 -1.0 916000
