1695672410763 0.0 364000
1695672434668 0.0 368000
1695672460176 0.0 372000
1695672484875 0.0 376000
1695672510175 0.0 380000
1695672535516 0.0 384000
1695672561445 0.0 388000
1695672587188 0.0 392000
1695672613163 0.0 396000
1695672638790 0.0 400000
1695672664323 0.0 404000
1695672689776 0.0 408000
1695672716185 0.0 412000
1695672741032 0.0 416000
1695672764806 0.0 420000
1695672788756 0.0 424000
1695672812713 0.0 428000
1695672836751 0.0 432000
1695672860568 0.0 436000
1695672884359 0.0 440000
1695672908411 0.0 444000
1695672932497 0.0 448000
1695672956306 0.0 452000
1695672980231 0.0 456000
1695673004207 0.0 460000
1695673027738 0.0 464000
1695673052148 0.0 468000
1695673078200 0.0 472000
1695673103108 0.0 476000
1695673127985 0.0 480000
1695673152884 0.0 484000
1695673177707 0.0 488000
1695673202436 0.0 492000
1695673229143 0.0 496000
1695673257730 0.0 500000
1695673285307 0.0 504000
1695673312421 0.0 508000
1695673340436 0.0 512000
1695673365724 0.0 516000
1695673391371 0.0 520000
1695673415948 0.0 524000
1695673440124 0.0 528000
1695673464178 0.0 532000
1695673488189 0.0 536000
1695673512093 0.0 540000
1695673536234 0.0 544000
1695673560690 0.0 548000
1695673585626 0.0 552000
1695673610202 0.0 556000
1695673635048 0.0 560000
1695673659703 0.0 564000
1695673684250 0.0 568000
1695673708637 0.0 572000
1695673732876 0.0 576000
1695673757766 0.0 580000
1695673782383 0.0 584000
1695673807531 0.0 588000
1695673832064 0.0 592000
1695673856219 0.0 596000
1695673880538 0.0 600000
1695673904926 0.0 604000
1695673929410 0.0 608000
1695673953767 0.0 612000
1695673978556 0.0 616000
1695674003100 0.0 620000
1695674027410 0.0 624000
1695674051574 0.0 628000
1695674076412 0.0 632000
1695674101583 0.0 636000
1695674127705 0.0 640000
1695674152670 0.0 644000
1695674178863 0.0 648000
1695674203247 0.0 652000
1695674227541 0.0 656000
1695674253918 0.0 660000
1695674280087 0.0 664000
1695674308020 0.0 668000
1695674339501 0.0 672000
1695674364705 0.0 676000
1695674389703 0.0 680000
1695674416023 0.0 684000
1695674441559 0.0 688000
1695674466268 0.0 692000
1695674490580 0.0 696000
1695674514909 0.0 700000
1695674539969 0.0 704000
1695674564788 0.0 708000
1695674591017 0.0 712000
1695674616438 0.0 716000
1695674640706 0.0 720000
1695674664618 0.0 724000
1695674689499 0.0 728000
1695674715345 0.0 732000
1695674741329 0.0 736000
1695674765385 0.0 740000
1695674789588 0.0 744000
1695674814012 0.0 748000
1695674838263 0.0 752000
1695674862745 0.0 756000
1695674887075 0.0 760000
1695674912701 0.0 764000
1695674937804 0.0 768000
1695674962027 0.0 772000
1695674986090 0.0 776000
1695675010449 0.0 780000
1695675034654 0.0 784000
1695675058940 0.0 788000
1695675084019 0.0 792000
1695675109921 0.0 796000
1695675135625 0.0 800000
1695675165010 0.0 804000
1695675190879 0.0 808000
1695675216755 0.0 812000
1695675241501 0.0 816000
1695675266193 0.0 820000
1695675290906 0.0 824000
1695675315135 0.0 828000
1695675339984 0.0 832000
1695675364461 0.0 836000
1695675388734 0.0 840000
1695675415120 0.0 844000
1695675440335 0.0 848000
1695675465768 0.0 852000
1695675490945 0.0 856000
1695675516152 0.0 860000
1695675541884 0.0 864000
1695675568619 0.0 868000
1695675595629 0.0 872000
1695675622780 0.0 876000
1695675647778 0.0 880000
1695675672231 0.0 884000
1695675696718 0.0 888000
1695675721316 0.0 892000
1695675745741 0.0 896000
1695675769889 0.0 900000
1695675793570 0.0 904000
1695675817575 0.0 908000
1695675841532 0.0 912000
1695675865715 0.0 916000
