1695672410761 50.0 364000
1695672434666 50.0 368000
1695672460173 50.0 372000
1695672484873 50.0 376000
1695672510173 50.0 380000
1695672535514 50.0 384000
1695672561443 50.0 388000
1695672587186 50.0 392000
1695672613161 50.0 396000
1695672638788 50.0 400000
1695672664321 50.0 404000
1695672689774 50.0 408000
1695672716183 50.0 412000
1695672741030 50.0 416000
1695672764804 50.0 420000
1695672788754 50.0 424000
1695672812711 50.0 428000
1695672836750 50.0 432000
1695672860566 50.0 436000
1695672884357 50.0 440000
1695672908409 50.0 444000
1695672932495 50.0 448000
1695672956304 50.0 452000
1695672980229 50.0 456000
1695673004205 50.0 460000
1695673027736 50.0 464000
1695673052146 50.0 468000
1695673078198 50.0 472000
1695673103106 50.0 476000
1695673127983 50.0 480000
1695673152882 50.0 484000
1695673177705 50.0 488000
1695673202434 50.0 492000
1695673229141 50.0 496000
1695673257728 50.0 500000
1695673285305 50.0 504000
1695673312418 50.0 508000
1695673340434 50.0 512000
1695673365722 50.0 516000
1695673391369 50.0 520000
1695673415946 50.0 524000
1695673440122 50.0 528000
1695673464176 50.0 532000
1695673488187 50.0 536000
1695673512091 50.0 540000
1695673536232 50.0 544000
1695673560688 50.0 548000
1695673585624 50.0 552000
1695673610200 50.0 556000
1695673635046 50.0 560000
1695673659701 50.0 564000
1695673684248 50.0 568000
1695673708635 50.0 572000
1695673732874 50.0 576000
1695673757764 50.0 580000
1695673782381 50.0 584000
1695673807529 50.0 588000
1695673832062 50.0 592000
1695673856217 50.0 596000
1695673880536 50.0 600000
1695673904924 50.0 604000
1695673929408 50.0 608000
1695673953765 50.0 612000
1695673978554 50.0 616000
1695674003097 50.0 620000
1695674027408 50.0 624000
1695674051572 50.0 628000
1695674076410 50.0 632000
1695674101580 50.0 636000
1695674127703 50.0 640000
1695674152668 50.0 644000
1695674178861 50.0 648000
1695674203245 50.0 652000
1695674227539 50.0 656000
1695674253916 50.0 660000
1695674280085 50.0 664000
1695674308018 50.0 668000
1695674339499 50.0 672000
1695674364703 50.0 676000
1695674389701 50.0 680000
1695674416021 50.0 684000
1695674441557 50.0 688000
1695674466266 50.0 692000
1695674490578 50.0 696000
1695674514907 50.0 700000
1695674539967 50.0 704000
1695674564786 50.0 708000
1695674591015 50.0 712000
1695674616436 50.0 716000
1695674640704 50.0 720000
1695674664616 50.0 724000
1695674689498 50.0 728000
1695674715343 50.0 732000
1695674741327 50.0 736000
1695674765383 50.0 740000
1695674789586 50.0 744000
1695674814010 50.0 748000
1695674838261 50.0 752000
1695674862743 50.0 756000
1695674887073 50.0 760000
1695674912699 50.0 764000
1695674937802 50.0 768000
1695674962025 50.0 772000
1695674986088 50.0 776000
1695675010447 50.0 780000
1695675034652 50.0 784000
1695675058938 50.0 788000
1695675084017 50.0 792000
1695675109919 50.0 796000
1695675135623 50.0 800000
1695675165008 50.0 804000
1695675190877 50.0 808000
1695675216753 50.0 812000
1695675241499 50.0 816000
1695675266191 50.0 820000
1695675290904 50.0 824000
1695675315134 50.0 828000
1695675339982 50.0 832000
1695675364459 50.0 836000
1695675388732 50.0 840000
1695675415118 50.0 844000
1695675440334 50.0 848000
1695675465766 50.0 852000
1695675490943 50.0 856000
1695675516150 50.0 860000
1695675541883 50.0 864000
1695675568617 50.0 868000
1695675595627 50.0 872000
1695675622778 50.0 876000
1695675647776 50.0 880000
1695675672229 50.0 884000
1695675696716 50.0 888000
1695675721314 50.0 892000
1695675745739 50.0 896000
1695675769887 50.0 900000
1695675793568 50.0 904000
1695675817573 50.0 908000
1695675841530 50.0 912000
1695675865713 50.0 916000
