1695672410761 2.0 364000
1695672434667 2.0 368000
1695672460174 2.0 372000
1695672484873 2.0 376000
1695672510173 2.0 380000
1695672535515 2.0 384000
1695672561444 2.0 388000
1695672587186 2.0 392000
1695672613162 2.0 396000
1695672638789 2.0 400000
1695672664321 2.0 404000
1695672689774 2.0 408000
1695672716184 2.0 412000
1695672741031 2.0 416000
1695672764805 2.0 420000
1695672788755 2.0 424000
1695672812712 2.0 428000
1695672836750 2.0 432000
1695672860566 2.0 436000
1695672884358 2.0 440000
1695672908410 2.0 444000
1695672932496 2.0 448000
1695672956304 2.0 452000
1695672980230 2.0 456000
1695673004205 2.0 460000
1695673027736 2.0 464000
1695673052147 2.0 468000
1695673078199 2.0 472000
1695673103107 2.0 476000
1695673127984 2.0 480000
1695673152883 2.0 484000
1695673177706 2.0 488000
1695673202435 2.0 492000
1695673229142 2.0 496000
1695673257729 2.0 500000
1695673285305 2.0 504000
1695673312419 2.0 508000
1695673340435 2.0 512000
1695673365723 2.0 516000
1695673391370 2.0 520000
1695673415946 2.0 524000
1695673440122 2.0 528000
1695673464177 2.0 532000
1695673488187 2.0 536000
1695673512091 2.0 540000
1695673536233 2.0 544000
1695673560688 2.0 548000
1695673585625 2.0 552000
1695673610200 2.0 556000
1695673635046 2.0 560000
1695673659702 2.0 564000
1695673684249 2.0 568000
1695673708635 2.0 572000
1695673732874 2.0 576000
1695673757765 2.0 580000
1695673782382 2.0 584000
1695673807529 2.0 588000
1695673832062 2.0 592000
1695673856218 2.0 596000
1695673880536 2.0 600000
1695673904925 2.0 604000
1695673929409 2.0 608000
1695673953765 2.0 612000
1695673978555 2.0 616000
1695674003098 2.0 620000
1695674027409 2.0 624000
1695674051572 2.0 628000
1695674076410 2.0 632000
1695674101581 2.0 636000
1695674127703 2.0 640000
1695674152669 2.0 644000
1695674178861 2.0 648000
1695674203246 2.0 652000
1695674227540 2.0 656000
1695674253916 2.0 660000
1695674280085 2.0 664000
1695674308018 2.0 668000
1695674339500 2.0 672000
1695674364704 2.0 676000
1695674389701 2.0 680000
1695674416022 2.0 684000
1695674441558 2.0 688000
1695674466267 2.0 692000
1695674490578 2.0 696000
1695674514907 2.0 700000
1695674539968 2.0 704000
1695674564786 2.0 708000
1695674591016 2.0 712000
1695674616437 2.0 716000
1695674640705 2.0 720000
1695674664616 2.0 724000
1695674689498 2.0 728000
1695674715343 2.0 732000
1695674741328 2.0 736000
1695674765384 2.0 740000
1695674789586 2.0 744000
1695674814011 2.0 748000
1695674838261 2.0 752000
1695674862743 2.0 756000
1695674887073 2.0 760000
1695674912700 2.0 764000
1695674937802 2.0 768000
1695674962026 2.0 772000
1695674986089 2.0 776000
1695675010448 2.0 780000
1695675034653 2.0 784000
1695675058938 2.0 788000
1695675084018 2.0 792000
1695675109920 2.0 796000
1695675135623 2.0 800000
1695675165009 2.0 804000
1695675190877 2.0 808000
1695675216753 2.0 812000
1695675241500 2.0 816000
1695675266191 2.0 820000
1695675290904 2.0 824000
1695675315134 2.0 828000
1695675339983 2.0 832000
1695675364460 2.0 836000
1695675388733 2.0 840000
1695675415118 2.0 844000
1695675440334 2.0 848000
1695675465767 2.0 852000
1695675490944 2.0 856000
1695675516151 2.0 860000
1695675541883 2.0 864000
1695675568617 2.0 868000
1695675595627 2.0 872000
1695675622779 2.0 876000
1695675647777 2.0 880000
1695675672229 2.0 884000
1695675696717 2.0 888000
1695675721315 2.0 892000
1695675745739 2.0 896000
1695675769888 2.0 900000
1695675793569 2.0 904000
1695675817573 2.0 908000
1695675841531 2.0 912000
1695675865713 2.0 916000
