1695672410760 1.0 364000
1695672434666 1.0 368000
1695672460173 1.0 372000
1695672484872 1.0 376000
1695672510172 1.0 380000
1695672535514 1.0 384000
1695672561443 1.0 388000
1695672587185 1.0 392000
1695672613161 1.0 396000
1695672638788 1.0 400000
1695672664320 1.0 404000
1695672689773 1.0 408000
1695672716183 1.0 412000
1695672741030 1.0 416000
1695672764804 1.0 420000
1695672788754 1.0 424000
1695672812711 1.0 428000
1695672836749 1.0 432000
1695672860566 1.0 436000
1695672884357 1.0 440000
1695672908409 1.0 444000
1695672932495 1.0 448000
1695672956303 1.0 452000
1695672980229 1.0 456000
1695673004204 1.0 460000
1695673027735 1.0 464000
1695673052146 1.0 468000
1695673078198 1.0 472000
1695673103105 1.0 476000
1695673127983 1.0 480000
1695673152882 1.0 484000
1695673177705 1.0 488000
1695673202434 1.0 492000
1695673229141 1.0 496000
1695673257728 1.0 500000
1695673285304 1.0 504000
1695673312418 1.0 508000
1695673340434 1.0 512000
1695673365722 1.0 516000
1695673391369 1.0 520000
1695673415946 1.0 524000
1695673440121 1.0 528000
1695673464176 1.0 532000
1695673488186 1.0 536000
1695673512090 1.0 540000
1695673536232 1.0 544000
1695673560687 1.0 548000
1695673585624 1.0 552000
1695673610199 1.0 556000
1695673635045 1.0 560000
1695673659701 1.0 564000
1695673684248 1.0 568000
1695673708634 1.0 572000
1695673732873 1.0 576000
1695673757764 1.0 580000
1695673782381 1.0 584000
1695673807528 1.0 588000
1695673832061 1.0 592000
1695673856217 1.0 596000
1695673880535 1.0 600000
1695673904924 1.0 604000
1695673929408 1.0 608000
1695673953764 1.0 612000
1695673978554 1.0 616000
1695674003097 1.0 620000
1695674027408 1.0 624000
1695674051571 1.0 628000
1695674076409 1.0 632000
1695674101580 1.0 636000
1695674127702 1.0 640000
1695674152668 1.0 644000
1695674178860 1.0 648000
1695674203244 1.0 652000
1695674227539 1.0 656000
1695674253915 1.0 660000
1695674280084 1.0 664000
1695674308017 1.0 668000
1695674339499 1.0 672000
1695674364703 1.0 676000
1695674389700 1.0 680000
1695674416021 1.0 684000
1695674441557 1.0 688000
1695674466266 1.0 692000
1695674490577 1.0 696000
1695674514906 1.0 700000
1695674539967 1.0 704000
1695674564785 1.0 708000
1695674591015 1.0 712000
1695674616436 1.0 716000
1695674640704 1.0 720000
1695674664615 1.0 724000
1695674689497 1.0 728000
1695674715342 1.0 732000
1695674741327 1.0 736000
1695674765383 1.0 740000
1695674789585 1.0 744000
1695674814010 1.0 748000
1695674838260 1.0 752000
1695674862742 1.0 756000
1695674887072 1.0 760000
1695674912699 1.0 764000
1695674937801 1.0 768000
1695674962025 1.0 772000
1695674986088 1.0 776000
1695675010447 1.0 780000
1695675034652 1.0 784000
1695675058937 1.0 788000
1695675084017 1.0 792000
1695675109919 1.0 796000
1695675135622 1.0 800000
1695675165008 1.0 804000
1695675190876 1.0 808000
1695675216752 1.0 812000
1695675241499 1.0 816000
1695675266190 1.0 820000
1695675290903 1.0 824000
1695675315133 1.0 828000
1695675339982 1.0 832000
1695675364459 1.0 836000
1695675388732 1.0 840000
1695675415117 1.0 844000
1695675440333 1.0 848000
1695675465766 1.0 852000
1695675490943 1.0 856000
1695675516150 1.0 860000
1695675541882 1.0 864000
1695675568616 1.0 868000
1695675595626 1.0 872000
1695675622778 1.0 876000
1695675647776 1.0 880000
1695675672228 1.0 884000
1695675696716 1.0 888000
1695675721314 1.0 892000
1695675745738 1.0 896000
1695675769887 1.0 900000
1695675793568 1.0 904000
1695675817572 1.0 908000
1695675841530 1.0 912000
1695675865712 1.0 916000
