1695672410760 64.0 364000
1695672434665 64.0 368000
1695672460173 64.0 372000
1695672484872 64.0 376000
1695672510172 64.0 380000
1695672535513 64.0 384000
1695672561442 64.0 388000
1695672587185 64.0 392000
1695672613160 64.0 396000
1695672638788 64.0 400000
1695672664320 64.0 404000
1695672689773 64.0 408000
1695672716182 64.0 412000
1695672741030 64.0 416000
1695672764803 64.0 420000
1695672788754 64.0 424000
1695672812710 64.0 428000
1695672836749 64.0 432000
1695672860565 64.0 436000
1695672884357 64.0 440000
1695672908409 64.0 444000
1695672932495 64.0 448000
1695672956303 64.0 452000
1695672980229 64.0 456000
1695673004204 64.0 460000
1695673027735 64.0 464000
1695673052146 64.0 468000
1695673078198 64.0 472000
1695673103105 64.0 476000
1695673127983 64.0 480000
1695673152882 64.0 484000
1695673177705 64.0 488000
1695673202433 64.0 492000
1695673229141 64.0 496000
1695673257728 64.0 500000
1695673285304 64.0 504000
1695673312418 64.0 508000
1695673340433 64.0 512000
1695673365721 64.0 516000
1695673391369 64.0 520000
1695673415945 64.0 524000
1695673440121 64.0 528000
1695673464176 64.0 532000
1695673488186 64.0 536000
1695673512090 64.0 540000
1695673536232 64.0 544000
1695673560687 64.0 548000
1695673585624 64.0 552000
1695673610199 64.0 556000
1695673635045 64.0 560000
1695673659700 64.0 564000
1695673684248 64.0 568000
1695673708634 64.0 572000
1695673732873 64.0 576000
1695673757763 64.0 580000
1695673782381 64.0 584000
1695673807528 64.0 588000
1695673832061 64.0 592000
1695673856217 64.0 596000
1695673880535 64.0 600000
1695673904924 64.0 604000
1695673929408 64.0 608000
1695673953764 64.0 612000
1695673978554 64.0 616000
1695674003097 64.0 620000
1695674027408 64.0 624000
1695674051571 64.0 628000
1695674076409 64.0 632000
1695674101580 64.0 636000
1695674127702 64.0 640000
1695674152668 64.0 644000
1695674178860 64.0 648000
1695674203244 64.0 652000
1695674227539 64.0 656000
1695674253915 64.0 660000
1695674280084 64.0 664000
1695674308017 64.0 668000
1695674339499 64.0 672000
1695674364703 64.0 676000
1695674389700 64.0 680000
1695674416020 64.0 684000
1695674441557 64.0 688000
1695674466265 64.0 692000
1695674490577 64.0 696000
1695674514906 64.0 700000
1695674539967 64.0 704000
1695674564785 64.0 708000
1695674591015 64.0 712000
1695674616436 64.0 716000
1695674640704 64.0 720000
1695674664615 64.0 724000
1695674689497 64.0 728000
1695674715342 64.0 732000
1695674741326 64.0 736000
1695674765383 64.0 740000
1695674789585 64.0 744000
1695674814010 64.0 748000
1695674838260 64.0 752000
1695674862742 64.0 756000
1695674887072 64.0 760000
1695674912698 64.0 764000
1695674937801 64.0 768000
1695674962024 64.0 772000
1695674986087 64.0 776000
1695675010446 64.0 780000
1695675034651 64.0 784000
1695675058937 64.0 788000
1695675084017 64.0 792000
1695675109919 64.0 796000
1695675135622 64.0 800000
1695675165008 64.0 804000
1695675190876 64.0 808000
1695675216752 64.0 812000
1695675241498 64.0 816000
1695675266190 64.0 820000
1695675290903 64.0 824000
1695675315133 64.0 828000
1695675339982 64.0 832000
1695675364459 64.0 836000
1695675388732 64.0 840000
1695675415117 64.0 844000
1695675440333 64.0 848000
1695675465766 64.0 852000
1695675490942 64.0 856000
1695675516150 64.0 860000
1695675541882 64.0 864000
1695675568616 64.0 868000
1695675595626 64.0 872000
1695675622778 64.0 876000
1695675647775 64.0 880000
1695675672228 64.0 884000
1695675696716 64.0 888000
1695675721313 64.0 892000
1695675745738 64.0 896000
1695675769887 64.0 900000
1695675793568 64.0 904000
1695675817572 64.0 908000
1695675841529 64.0 912000
1695675865712 64.0 916000
