1695672410761 32.0 364000
1695672434667 32.0 368000
1695672460174 32.0 372000
1695672484873 32.0 376000
1695672510173 32.0 380000
1695672535514 32.0 384000
1695672561443 32.0 388000
1695672587186 32.0 392000
1695672613161 32.0 396000
1695672638789 32.0 400000
1695672664321 32.0 404000
1695672689774 32.0 408000
1695672716183 32.0 412000
1695672741031 32.0 416000
1695672764804 32.0 420000
1695672788755 32.0 424000
1695672812711 32.0 428000
1695672836750 32.0 432000
1695672860566 32.0 436000
1695672884358 32.0 440000
1695672908410 32.0 444000
1695672932496 32.0 448000
1695672956304 32.0 452000
1695672980230 32.0 456000
1695673004205 32.0 460000
1695673027736 32.0 464000
1695673052147 32.0 468000
1695673078199 32.0 472000
1695673103106 32.0 476000
1695673127984 32.0 480000
1695673152883 32.0 484000
1695673177706 32.0 488000
1695673202435 32.0 492000
1695673229142 32.0 496000
1695673257729 32.0 500000
1695673285305 32.0 504000
1695673312419 32.0 508000
1695673340434 32.0 512000
1695673365722 32.0 516000
1695673391370 32.0 520000
1695673415946 32.0 524000
1695673440122 32.0 528000
1695673464176 32.0 532000
1695673488187 32.0 536000
1695673512091 32.0 540000
1695673536233 32.0 544000
1695673560688 32.0 548000
1695673585625 32.0 552000
1695673610200 32.0 556000
1695673635046 32.0 560000
1695673659701 32.0 564000
1695673684249 32.0 568000
1695673708635 32.0 572000
1695673732874 32.0 576000
1695673757765 32.0 580000
1695673782382 32.0 584000
1695673807529 32.0 588000
1695673832062 32.0 592000
1695673856217 32.0 596000
1695673880536 32.0 600000
1695673904925 32.0 604000
1695673929409 32.0 608000
1695673953765 32.0 612000
1695673978555 32.0 616000
1695674003098 32.0 620000
1695674027409 32.0 624000
1695674051572 32.0 628000
1695674076410 32.0 632000
1695674101581 32.0 636000
1695674127703 32.0 640000
1695674152669 32.0 644000
1695674178861 32.0 648000
1695674203245 32.0 652000
1695674227540 32.0 656000
1695674253916 32.0 660000
1695674280085 32.0 664000
1695674308018 32.0 668000
1695674339500 32.0 672000
1695674364704 32.0 676000
1695674389701 32.0 680000
1695674416021 32.0 684000
1695674441558 32.0 688000
1695674466266 32.0 692000
1695674490578 32.0 696000
1695674514907 32.0 700000
1695674539968 32.0 704000
1695674564786 32.0 708000
1695674591016 32.0 712000
1695674616437 32.0 716000
1695674640705 32.0 720000
1695674664616 32.0 724000
1695674689498 32.0 728000
1695674715343 32.0 732000
1695674741327 32.0 736000
1695674765384 32.0 740000
1695674789586 32.0 744000
1695674814011 32.0 748000
1695674838261 32.0 752000
1695674862743 32.0 756000
1695674887073 32.0 760000
1695674912699 32.0 764000
1695674937802 32.0 768000
1695674962025 32.0 772000
1695674986088 32.0 776000
1695675010447 32.0 780000
1695675034652 32.0 784000
1695675058938 32.0 788000
1695675084018 32.0 792000
1695675109920 32.0 796000
1695675135623 32.0 800000
1695675165009 32.0 804000
1695675190877 32.0 808000
1695675216753 32.0 812000
1695675241499 32.0 816000
1695675266191 32.0 820000
1695675290904 32.0 824000
1695675315134 32.0 828000
1695675339983 32.0 832000
1695675364460 32.0 836000
1695675388733 32.0 840000
1695675415118 32.0 844000
1695675440334 32.0 848000
1695675465767 32.0 852000
1695675490943 32.0 856000
1695675516151 32.0 860000
1695675541883 32.0 864000
1695675568617 32.0 868000
1695675595627 32.0 872000
1695675622779 32.0 876000
1695675647776 32.0 880000
1695675672229 32.0 884000
1695675696717 32.0 888000
1695675721314 32.0 892000
1695675745739 32.0 896000
1695675769888 32.0 900000
1695675793569 32.0 904000
1695675817573 32.0 908000
1695675841530 32.0 912000
1695675865713 32.0 916000
