1695672410762 84.0 364000
1695672434668 84.0 368000
1695672460175 84.0 372000
1695672484874 84.0 376000
1695672510174 84.0 380000
1695672535516 84.0 384000
1695672561445 84.0 388000
1695672587187 84.0 392000
1695672613162 84.0 396000
1695672638790 84.0 400000
1695672664322 84.0 404000
1695672689775 84.0 408000
1695672716184 84.0 412000
1695672741032 84.0 416000
1695672764805 84.0 420000
1695672788756 84.0 424000
1695672812712 84.0 428000
1695672836751 84.0 432000
1695672860567 84.0 436000
1695672884359 84.0 440000
1695672908411 84.0 444000
1695672932497 84.0 448000
1695672956305 84.0 452000
1695672980231 84.0 456000
1695673004206 84.0 460000
1695673027737 84.0 464000
1695673052148 84.0 468000
1695673078200 84.0 472000
1695673103107 84.0 476000
1695673127985 84.0 480000
1695673152884 84.0 484000
1695673177707 84.0 488000
1695673202436 84.0 492000
1695673229143 84.0 496000
1695673257730 84.0 500000
1695673285306 84.0 504000
1695673312420 84.0 508000
1695673340435 84.0 512000
1695673365723 84.0 516000
1695673391371 84.0 520000
1695673415947 84.0 524000
1695673440123 84.0 528000
1695673464177 84.0 532000
1695673488188 84.0 536000
1695673512092 84.0 540000
1695673536234 84.0 544000
1695673560689 84.0 548000
1695673585626 84.0 552000
1695673610201 84.0 556000
1695673635047 84.0 560000
1695673659702 84.0 564000
1695673684250 84.0 568000
1695673708636 84.0 572000
1695673732875 84.0 576000
1695673757766 84.0 580000
1695673782383 84.0 584000
1695673807530 84.0 588000
1695673832063 84.0 592000
1695673856219 84.0 596000
1695673880537 84.0 600000
1695673904926 84.0 604000
1695673929410 84.0 608000
1695673953766 84.0 612000
1695673978556 84.0 616000
1695674003099 84.0 620000
1695674027410 84.0 624000
1695674051573 84.0 628000
1695674076411 84.0 632000
1695674101582 84.0 636000
1695674127704 84.0 640000
1695674152670 84.0 644000
1695674178862 84.0 648000
1695674203246 84.0 652000
1695674227541 84.0 656000
1695674253917 84.0 660000
1695674280086 84.0 664000
1695674308020 84.0 668000
1695674339501 84.0 672000
1695674364705 84.0 676000
1695674389702 84.0 680000
1695674416022 84.0 684000
1695674441559 84.0 688000
1695674466267 84.0 692000
1695674490579 84.0 696000
1695674514908 84.0 700000
1695674539969 84.0 704000
1695674564787 84.0 708000
1695674591017 84.0 712000
1695674616438 84.0 716000
1695674640706 84.0 720000
1695674664617 84.0 724000
1695674689499 84.0 728000
1695674715344 84.0 732000
1695674741328 84.0 736000
1695674765385 84.0 740000
1695674789587 84.0 744000
1695674814012 84.0 748000
1695674838262 84.0 752000
1695674862744 84.0 756000
1695674887074 84.0 760000
1695674912701 84.0 764000
1695674937803 84.0 768000
1695674962026 84.0 772000
1695674986089 84.0 776000
1695675010449 84.0 780000
1695675034653 84.0 784000
1695675058939 84.0 788000
1695675084019 84.0 792000
1695675109921 84.0 796000
1695675135624 84.0 800000
1695675165010 84.0 804000
1695675190878 84.0 808000
1695675216754 84.0 812000
1695675241500 84.0 816000
1695675266192 84.0 820000
1695675290905 84.0 824000
1695675315135 84.0 828000
1695675339984 84.0 832000
1695675364461 84.0 836000
1695675388734 84.0 840000
1695675415119 84.0 844000
1695675440335 84.0 848000
1695675465768 84.0 852000
1695675490944 84.0 856000
1695675516152 84.0 860000
1695675541884 84.0 864000
1695675568618 84.0 868000
1695675595628 84.0 872000
1695675622780 84.0 876000
1695675647777 84.0 880000
1695675672230 84.0 884000
1695675696718 84.0 888000
1695675721315 84.0 892000
1695675745740 84.0 896000
1695675769889 84.0 900000
1695675793570 84.0 904000
1695675817574 84.0 908000
1695675841531 84.0 912000
1695675865714 84.0 916000
