1695672410762 1.0 364000
1695672434667 1.0 368000
1695672460175 1.0 372000
1695672484874 1.0 376000
1695672510174 1.0 380000
1695672535515 1.0 384000
1695672561444 1.0 388000
1695672587187 1.0 392000
1695672613162 1.0 396000
1695672638789 1.0 400000
1695672664322 1.0 404000
1695672689775 1.0 408000
1695672716184 1.0 412000
1695672741031 1.0 416000
1695672764805 1.0 420000
1695672788756 1.0 424000
1695672812712 1.0 428000
1695672836751 1.0 432000
1695672860567 1.0 436000
1695672884359 1.0 440000
1695672908410 1.0 444000
1695672932497 1.0 448000
1695672956305 1.0 452000
1695672980231 1.0 456000
1695673004206 1.0 460000
1695673027737 1.0 464000
1695673052147 1.0 468000
1695673078199 1.0 472000
1695673103107 1.0 476000
1695673127984 1.0 480000
1695673152883 1.0 484000
1695673177706 1.0 488000
1695673202435 1.0 492000
1695673229143 1.0 496000
1695673257730 1.0 500000
1695673285306 1.0 504000
1695673312420 1.0 508000
1695673340435 1.0 512000
1695673365723 1.0 516000
1695673391370 1.0 520000
1695673415947 1.0 524000
1695673440123 1.0 528000
1695673464177 1.0 532000
1695673488188 1.0 536000
1695673512092 1.0 540000
1695673536234 1.0 544000
1695673560689 1.0 548000
1695673585625 1.0 552000
1695673610201 1.0 556000
1695673635047 1.0 560000
1695673659702 1.0 564000
1695673684250 1.0 568000
1695673708636 1.0 572000
1695673732875 1.0 576000
1695673757765 1.0 580000
1695673782383 1.0 584000
1695673807530 1.0 588000
1695673832063 1.0 592000
1695673856218 1.0 596000
1695673880537 1.0 600000
1695673904926 1.0 604000
1695673929410 1.0 608000
1695673953766 1.0 612000
1695673978555 1.0 616000
1695674003099 1.0 620000
1695674027409 1.0 624000
1695674051573 1.0 628000
1695674076411 1.0 632000
1695674101582 1.0 636000
1695674127704 1.0 640000
1695674152670 1.0 644000
1695674178862 1.0 648000
1695674203246 1.0 652000
1695674227540 1.0 656000
1695674253917 1.0 660000
1695674280086 1.0 664000
1695674308019 1.0 668000
1695674339501 1.0 672000
1695674364705 1.0 676000
1695674389702 1.0 680000
1695674416022 1.0 684000
1695674441558 1.0 688000
1695674466267 1.0 692000
1695674490579 1.0 696000
1695674514908 1.0 700000
1695674539969 1.0 704000
1695674564787 1.0 708000
1695674591017 1.0 712000
1695674616437 1.0 716000
1695674640705 1.0 720000
1695674664617 1.0 724000
1695674689499 1.0 728000
1695674715344 1.0 732000
1695674741328 1.0 736000
1695674765385 1.0 740000
1695674789587 1.0 744000
1695674814012 1.0 748000
1695674838262 1.0 752000
1695674862744 1.0 756000
1695674887074 1.0 760000
1695674912700 1.0 764000
1695674937803 1.0 768000
1695674962026 1.0 772000
1695674986089 1.0 776000
1695675010448 1.0 780000
1695675034653 1.0 784000
1695675058939 1.0 788000
1695675084019 1.0 792000
1695675109920 1.0 796000
1695675135624 1.0 800000
1695675165010 1.0 804000
1695675190878 1.0 808000
1695675216754 1.0 812000
1695675241500 1.0 816000
1695675266192 1.0 820000
1695675290905 1.0 824000
1695675315135 1.0 828000
1695675339983 1.0 832000
1695675364461 1.0 836000
1695675388734 1.0 840000
1695675415119 1.0 844000
1695675440335 1.0 848000
1695675465767 1.0 852000
1695675490944 1.0 856000
1695675516152 1.0 860000
1695675541884 1.0 864000
1695675568618 1.0 868000
1695675595628 1.0 872000
1695675622780 1.0 876000
1695675647777 1.0 880000
1695675672230 1.0 884000
1695675696717 1.0 888000
1695675721315 1.0 892000
1695675745740 1.0 896000
1695675769889 1.0 900000
1695675793570 1.0 904000
1695675817574 1.0 908000
1695675841531 1.0 912000
1695675865714 1.0 916000
