1695672410759 0.0 364000
1695672434664 0.0 368000
1695672460172 0.0 372000
1695672484871 0.0 376000
1695672510171 0.0 380000
1695672535512 0.0 384000
1695672561441 0.0 388000
1695672587184 0.0 392000
1695672613160 0.0 396000
1695672638787 0.0 400000
1695672664319 0.0 404000
1695672689772 0.0 408000
1695672716182 0.0 412000
1695672741028 0.0 416000
1695672764802 0.0 420000
1695672788753 0.0 424000
1695672812709 0.0 428000
1695672836748 0.0 432000
1695672860564 0.0 436000
1695672884356 0.0 440000
1695672908408 0.0 444000
1695672932494 0.0 448000
1695672956302 0.0 452000
1695672980228 0.0 456000
1695673004203 0.0 460000
1695673027734 0.0 464000
1695673052145 0.0 468000
1695673078197 0.0 472000
1695673103104 0.0 476000
1695673127982 0.0 480000
1695673152881 0.0 484000
1695673177704 0.0 488000
1695673202432 0.0 492000
1695673229139 0.0 496000
1695673257727 0.0 500000
1695673285303 0.0 504000
1695673312417 0.0 508000
1695673340432 0.0 512000
1695673365721 0.0 516000
1695673391368 0.0 520000
1695673415944 0.0 524000
1695673440120 0.0 528000
1695673464175 0.0 532000
1695673488185 0.0 536000
1695673512089 0.0 540000
1695673536231 0.0 544000
1695673560686 0.0 548000
1695673585623 0.0 552000
1695673610198 0.0 556000
1695673635044 0.0 560000
1695673659699 0.0 564000
1695673684247 0.0 568000
1695673708633 0.0 572000
1695673732872 0.0 576000
1695673757762 0.0 580000
1695673782380 0.0 584000
1695673807527 0.0 588000
1695673832060 0.0 592000
1695673856216 0.0 596000
1695673880534 0.0 600000
1695673904923 0.0 604000
1695673929407 0.0 608000
1695673953763 0.0 612000
1695673978553 0.0 616000
1695674003096 0.0 620000
1695674027407 0.0 624000
1695674051570 0.0 628000
1695674076408 0.0 632000
1695674101578 0.0 636000
1695674127701 0.0 640000
1695674152667 0.0 644000
1695674178859 0.0 648000
1695674203243 0.0 652000
1695674227538 0.0 656000
1695674253914 0.0 660000
1695674280083 0.0 664000
1695674308015 0.0 668000
1695674339498 0.0 672000
1695674364702 0.0 676000
1695674389699 0.0 680000
1695674416019 0.0 684000
1695674441556 0.0 688000
1695674466264 0.0 692000
1695674490576 0.0 696000
1695674514905 0.0 700000
1695674539966 0.0 704000
1695674564784 0.0 708000
1695674591014 0.0 712000
1695674616435 0.0 716000
1695674640703 0.0 720000
1695674664614 0.0 724000
1695674689496 0.0 728000
1695674715341 0.0 732000
1695674741325 0.0 736000
1695674765382 0.0 740000
1695674789584 0.0 744000
1695674814009 0.0 748000
1695674838259 0.0 752000
1695674862741 0.0 756000
1695674887071 0.0 760000
1695674912697 0.0 764000
1695674937800 0.0 768000
1695674962023 0.0 772000
1695674986086 0.0 776000
1695675010445 0.0 780000
1695675034650 0.0 784000
1695675058936 0.0 788000
1695675084016 0.0 792000
1695675109918 0.0 796000
1695675135621 0.0 800000
1695675165007 0.0 804000
1695675190875 0.0 808000
1695675216751 0.0 812000
1695675241497 0.0 816000
1695675266189 0.0 820000
1695675290902 0.0 824000
1695675315132 0.0 828000
1695675339980 0.0 832000
1695675364458 0.0 836000
1695675388731 0.0 840000
1695675415116 0.0 844000
1695675440332 0.0 848000
1695675465765 0.0 852000
1695675490941 0.0 856000
1695675516149 0.0 860000
1695675541881 0.0 864000
1695675568615 0.0 868000
1695675595625 0.0 872000
1695675622777 0.0 876000
1695675647774 0.0 880000
1695675672227 0.0 884000
1695675696715 0.0 888000
1695675721312 0.0 892000
1695675745737 0.0 896000
1695675769886 0.0 900000
1695675793567 0.0 904000
1695675817571 0.0 908000
1695675841528 0.0 912000
1695675865711 0.0 916000
