1695672410759 256.0 364000
1695672434664 256.0 368000
1695672460172 256.0 372000
1695672484870 256.0 376000
1695672510171 256.0 380000
1695672535512 256.0 384000
1695672561441 256.0 388000
1695672587184 256.0 392000
1695672613159 256.0 396000
1695672638786 256.0 400000
1695672664319 256.0 404000
1695672689772 256.0 408000
1695672716181 256.0 412000
1695672741028 256.0 416000
1695672764802 256.0 420000
1695672788752 256.0 424000
1695672812709 256.0 428000
1695672836748 256.0 432000
1695672860564 256.0 436000
1695672884355 256.0 440000
1695672908407 256.0 444000
1695672932494 256.0 448000
1695672956302 256.0 452000
1695672980228 256.0 456000
1695673004203 256.0 460000
1695673027734 256.0 464000
1695673052145 256.0 468000
1695673078196 256.0 472000
1695673103104 256.0 476000
1695673127981 256.0 480000
1695673152881 256.0 484000
1695673177704 256.0 488000
1695673202432 256.0 492000
1695673229139 256.0 496000
1695673257726 256.0 500000
1695673285303 256.0 504000
1695673312417 256.0 508000
1695673340432 256.0 512000
1695673365720 256.0 516000
1695673391367 256.0 520000
1695673415944 256.0 524000
1695673440120 256.0 528000
1695673464174 256.0 532000
1695673488185 256.0 536000
1695673512089 256.0 540000
1695673536230 256.0 544000
1695673560686 256.0 548000
1695673585622 256.0 552000
1695673610198 256.0 556000
1695673635044 256.0 560000
1695673659699 256.0 564000
1695673684247 256.0 568000
1695673708633 256.0 572000
1695673732872 256.0 576000
1695673757762 256.0 580000
1695673782380 256.0 584000
1695673807527 256.0 588000
1695673832060 256.0 592000
1695673856215 256.0 596000
1695673880534 256.0 600000
1695673904923 256.0 604000
1695673929407 256.0 608000
1695673953763 256.0 612000
1695673978552 256.0 616000
1695674003096 256.0 620000
1695674027406 256.0 624000
1695674051570 256.0 628000
1695674076408 256.0 632000
1695674101578 256.0 636000
1695674127701 256.0 640000
1695674152666 256.0 644000
1695674178859 256.0 648000
1695674203243 256.0 652000
1695674227537 256.0 656000
1695674253914 256.0 660000
1695674280083 256.0 664000
1695674308015 256.0 668000
1695674339498 256.0 672000
1695674364701 256.0 676000
1695674389699 256.0 680000
1695674416019 256.0 684000
1695674441555 256.0 688000
1695674466264 256.0 692000
1695674490576 256.0 696000
1695674514905 256.0 700000
1695674539966 256.0 704000
1695674564784 256.0 708000
1695674591014 256.0 712000
1695674616434 256.0 716000
1695674640702 256.0 720000
1695674664614 256.0 724000
1695674689496 256.0 728000
1695674715341 256.0 732000
1695674741325 256.0 736000
1695674765382 256.0 740000
1695674789584 256.0 744000
1695674814008 256.0 748000
1695674838259 256.0 752000
1695674862741 256.0 756000
1695674887071 256.0 760000
1695674912697 256.0 764000
1695674937800 256.0 768000
1695674962023 256.0 772000
1695674986086 256.0 776000
1695675010445 256.0 780000
1695675034650 256.0 784000
1695675058936 256.0 788000
1695675084016 256.0 792000
1695675109917 256.0 796000
1695675135621 256.0 800000
1695675165006 256.0 804000
1695675190875 256.0 808000
1695675216751 256.0 812000
1695675241497 256.0 816000
1695675266189 256.0 820000
1695675290902 256.0 824000
1695675315132 256.0 828000
1695675339980 256.0 832000
1695675364457 256.0 836000
1695675388730 256.0 840000
1695675415116 256.0 844000
1695675440332 256.0 848000
1695675465765 256.0 852000
1695675490941 256.0 856000
1695675516149 256.0 860000
1695675541881 256.0 864000
1695675568615 256.0 868000
1695675595625 256.0 872000
1695675622777 256.0 876000
1695675647774 256.0 880000
1695675672227 256.0 884000
1695675696714 256.0 888000
1695675721312 256.0 892000
1695675745737 256.0 896000
1695675769886 256.0 900000
1695675793567 256.0 904000
1695675817571 256.0 908000
1695675841528 256.0 912000
1695675865711 256.0 916000
