1695672410759 20.0 364000
1695672434664 20.0 368000
1695672460171 20.0 372000
1695672484870 20.0 376000
1695672510171 20.0 380000
1695672535512 20.0 384000
1695672561441 20.0 388000
1695672587184 20.0 392000
1695672613159 20.0 396000
1695672638786 20.0 400000
1695672664319 20.0 404000
1695672689772 20.0 408000
1695672716181 20.0 412000
1695672741028 20.0 416000
1695672764802 20.0 420000
1695672788752 20.0 424000
1695672812709 20.0 428000
1695672836748 20.0 432000
1695672860564 20.0 436000
1695672884355 20.0 440000
1695672908407 20.0 444000
1695672932493 20.0 448000
1695672956302 20.0 452000
1695672980227 20.0 456000
1695673004203 20.0 460000
1695673027734 20.0 464000
1695673052144 20.0 468000
1695673078196 20.0 472000
1695673103104 20.0 476000
1695673127981 20.0 480000
1695673152880 20.0 484000
1695673177703 20.0 488000
1695673202432 20.0 492000
1695673229139 20.0 496000
1695673257726 20.0 500000
1695673285303 20.0 504000
1695673312416 20.0 508000
1695673340432 20.0 512000
1695673365720 20.0 516000
1695673391367 20.0 520000
1695673415944 20.0 524000
1695673440120 20.0 528000
1695673464174 20.0 532000
1695673488185 20.0 536000
1695673512089 20.0 540000
1695673536230 20.0 544000
1695673560686 20.0 548000
1695673585622 20.0 552000
1695673610198 20.0 556000
1695673635044 20.0 560000
1695673659699 20.0 564000
1695673684246 20.0 568000
1695673708632 20.0 572000
1695673732872 20.0 576000
1695673757762 20.0 580000
1695673782379 20.0 584000
1695673807526 20.0 588000
1695673832060 20.0 592000
1695673856215 20.0 596000
1695673880534 20.0 600000
1695673904922 20.0 604000
1695673929407 20.0 608000
1695673953763 20.0 612000
1695673978552 20.0 616000
1695674003096 20.0 620000
1695674027406 20.0 624000
1695674051570 20.0 628000
1695674076408 20.0 632000
1695674101578 20.0 636000
1695674127701 20.0 640000
1695674152666 20.0 644000
1695674178859 20.0 648000
1695674203243 20.0 652000
1695674227537 20.0 656000
1695674253914 20.0 660000
1695674280083 20.0 664000
1695674308015 20.0 668000
1695674339497 20.0 672000
1695674364701 20.0 676000
1695674389698 20.0 680000
1695674416019 20.0 684000
1695674441555 20.0 688000
1695674466264 20.0 692000
1695674490576 20.0 696000
1695674514905 20.0 700000
1695674539965 20.0 704000
1695674564784 20.0 708000
1695674591014 20.0 712000
1695674616434 20.0 716000
1695674640702 20.0 720000
1695674664614 20.0 724000
1695674689496 20.0 728000
1695674715341 20.0 732000
1695674741325 20.0 736000
1695674765381 20.0 740000
1695674789584 20.0 744000
1695674814008 20.0 748000
1695674838259 20.0 752000
1695674862741 20.0 756000
1695674887071 20.0 760000
1695674912697 20.0 764000
1695674937800 20.0 768000
1695674962023 20.0 772000
1695674986086 20.0 776000
1695675010445 20.0 780000
1695675034650 20.0 784000
1695675058936 20.0 788000
1695675084015 20.0 792000
1695675109917 20.0 796000
1695675135621 20.0 800000
1695675165006 20.0 804000
1695675190875 20.0 808000
1695675216751 20.0 812000
1695675241497 20.0 816000
1695675266189 20.0 820000
1695675290902 20.0 824000
1695675315132 20.0 828000
1695675339980 20.0 832000
1695675364457 20.0 836000
1695675388730 20.0 840000
1695675415116 20.0 844000
1695675440332 20.0 848000
1695675465764 20.0 852000
1695675490941 20.0 856000
1695675516148 20.0 860000
1695675541881 20.0 864000
1695675568615 20.0 868000
1695675595625 20.0 872000
1695675622776 20.0 876000
1695675647774 20.0 880000
1695675672227 20.0 884000
1695675696714 20.0 888000
1695675721312 20.0 892000
1695675745737 20.0 896000
1695675769885 20.0 900000
1695675793566 20.0 904000
1695675817571 20.0 908000
1695675841528 20.0 912000
1695675865711 20.0 916000
