1695672410758 0.0 364000
1695672434664 0.0 368000
1695672460171 0.0 372000
1695672484870 0.0 376000
1695672510171 0.0 380000
1695672535512 0.0 384000
1695672561441 0.0 388000
1695672587184 0.0 392000
1695672613159 0.0 396000
1695672638786 0.0 400000
1695672664318 0.0 404000
1695672689772 0.0 408000
1695672716181 0.0 412000
1695672741028 0.0 416000
1695672764802 0.0 420000
1695672788752 0.0 424000
1695672812709 0.0 428000
1695672836747 0.0 432000
1695672860564 0.0 436000
1695672884355 0.0 440000
1695672908407 0.0 444000
1695672932493 0.0 448000
1695672956302 0.0 452000
1695672980227 0.0 456000
1695673004203 0.0 460000
1695673027734 0.0 464000
1695673052144 0.0 468000
1695673078196 0.0 472000
1695673103104 0.0 476000
1695673127981 0.0 480000
1695673152880 0.0 484000
1695673177703 0.0 488000
1695673202432 0.0 492000
1695673229139 0.0 496000
1695673257726 0.0 500000
1695673285302 0.0 504000
1695673312416 0.0 508000
1695673340432 0.0 512000
1695673365720 0.0 516000
1695673391367 0.0 520000
1695673415944 0.0 524000
1695673440120 0.0 528000
1695673464174 0.0 532000
1695673488185 0.0 536000
1695673512089 0.0 540000
1695673536230 0.0 544000
1695673560686 0.0 548000
1695673585622 0.0 552000
1695673610197 0.0 556000
1695673635043 0.0 560000
1695673659699 0.0 564000
1695673684246 0.0 568000
1695673708632 0.0 572000
1695673732871 0.0 576000
1695673757762 0.0 580000
1695673782379 0.0 584000
1695673807526 0.0 588000
1695673832059 0.0 592000
1695673856215 0.0 596000
1695673880534 0.0 600000
1695673904922 0.0 604000
1695673929406 0.0 608000
1695673953762 0.0 612000
1695673978552 0.0 616000
1695674003095 0.0 620000
1695674027406 0.0 624000
1695674051570 0.0 628000
1695674076407 0.0 632000
1695674101578 0.0 636000
1695674127701 0.0 640000
1695674152666 0.0 644000
1695674178858 0.0 648000
1695674203242 0.0 652000
1695674227537 0.0 656000
1695674253914 0.0 660000
1695674280082 0.0 664000
1695674308015 0.0 668000
1695674339497 0.0 672000
1695674364701 0.0 676000
1695674389698 0.0 680000
1695674416019 0.0 684000
1695674441555 0.0 688000
1695674466264 0.0 692000
1695674490576 0.0 696000
1695674514904 0.0 700000
1695674539965 0.0 704000
1695674564783 0.0 708000
1695674591013 0.0 712000
1695674616434 0.0 716000
1695674640702 0.0 720000
1695674664614 0.0 724000
1695674689495 0.0 728000
1695674715340 0.0 732000
1695674741325 0.0 736000
1695674765381 0.0 740000
1695674789583 0.0 744000
1695674814008 0.0 748000
1695674838259 0.0 752000
1695674862740 0.0 756000
1695674887071 0.0 760000
1695674912697 0.0 764000
1695674937800 0.0 768000
1695674962023 0.0 772000
1695674986086 0.0 776000
1695675010445 0.0 780000
1695675034650 0.0 784000
1695675058935 0.0 788000
1695675084015 0.0 792000
1695675109917 0.0 796000
1695675135620 0.0 800000
1695675165006 0.0 804000
1695675190874 0.0 808000
1695675216750 0.0 812000
1695675241497 0.0 816000
1695675266189 0.0 820000
1695675290902 0.0 824000
1695675315131 0.0 828000
1695675339980 0.0 832000
1695675364457 0.0 836000
1695675388730 0.0 840000
1695675415115 0.0 844000
1695675440331 0.0 848000
1695675465764 0.0 852000
1695675490941 0.0 856000
1695675516148 0.0 860000
1695675541880 0.0 864000
1695675568614 0.0 868000
1695675595625 0.0 872000
1695675622776 0.0 876000
1695675647774 0.0 880000
1695675672227 0.0 884000
1695675696714 0.0 888000
1695675721312 0.0 892000
1695675745736 0.0 896000
1695675769885 0.0 900000
1695675793566 0.0 904000
1695675817570 0.0 908000
1695675841528 0.0 912000
1695675865710 0.0 916000
