1695672410755 2.0 364000
1695672434661 2.0 368000
1695672460168 2.0 372000
1695672484867 2.0 376000
1695672510167 2.0 380000
1695672535508 2.0 384000
1695672561438 2.0 388000
1695672587181 2.0 392000
1695672613156 2.0 396000
1695672638783 2.0 400000
1695672664315 2.0 404000
1695672689769 2.0 408000
1695672716178 2.0 412000
1695672741025 2.0 416000
1695672764799 2.0 420000
1695672788749 2.0 424000
1695672812705 2.0 428000
1695672836745 2.0 432000
1695672860561 2.0 436000
1695672884352 2.0 440000
1695672908404 2.0 444000
1695672932490 2.0 448000
1695672956299 2.0 452000
1695672980224 2.0 456000
1695673004200 2.0 460000
1695673027731 2.0 464000
1695673052141 2.0 468000
1695673078193 2.0 472000
1695673103101 2.0 476000
1695673127978 2.0 480000
1695673152877 2.0 484000
1695673177700 2.0 488000
1695673202429 2.0 492000
1695673229135 2.0 496000
1695673257723 2.0 500000
1695673285299 2.0 504000
1695673312413 2.0 508000
1695673340429 2.0 512000
1695673365717 2.0 516000
1695673391364 2.0 520000
1695673415941 2.0 524000
1695673440116 2.0 528000
1695673464171 2.0 532000
1695673488182 2.0 536000
1695673512086 2.0 540000
1695673536227 2.0 544000
1695673560683 2.0 548000
1695673585619 2.0 552000
1695673610194 2.0 556000
1695673635040 2.0 560000
1695673659696 2.0 564000
1695673684243 2.0 568000
1695673708629 2.0 572000
1695673732868 2.0 576000
1695673757759 2.0 580000
1695673782376 2.0 584000
1695673807523 2.0 588000
1695673832056 2.0 592000
1695673856212 2.0 596000
1695673880531 2.0 600000
1695673904919 2.0 604000
1695673929403 2.0 608000
1695673953759 2.0 612000
1695673978549 2.0 616000
1695674003092 2.0 620000
1695674027403 2.0 624000
1695674051567 2.0 628000
1695674076404 2.0 632000
1695674101575 2.0 636000
1695674127698 2.0 640000
1695674152663 2.0 644000
1695674178855 2.0 648000
1695674203239 2.0 652000
1695674227534 2.0 656000
1695674253911 2.0 660000
1695674280079 2.0 664000
1695674308011 2.0 668000
1695674339494 2.0 672000
1695674364698 2.0 676000
1695674389695 2.0 680000
1695674416016 2.0 684000
1695674441552 2.0 688000
1695674466261 2.0 692000
1695674490572 2.0 696000
1695674514901 2.0 700000
1695674539962 2.0 704000
1695674564780 2.0 708000
1695674591010 2.0 712000
1695674616431 2.0 716000
1695674640699 2.0 720000
1695674664611 2.0 724000
1695674689492 2.0 728000
1695674715337 2.0 732000
1695674741321 2.0 736000
1695674765378 2.0 740000
1695674789580 2.0 744000
1695674814005 2.0 748000
1695674838256 2.0 752000
1695674862737 2.0 756000
1695674887067 2.0 760000
1695674912694 2.0 764000
1695674937797 2.0 768000
1695674962020 2.0 772000
1695674986083 2.0 776000
1695675010442 2.0 780000
1695675034647 2.0 784000
1695675058932 2.0 788000
1695675084012 2.0 792000
1695675109914 2.0 796000
1695675135617 2.0 800000
1695675165003 2.0 804000
1695675190871 2.0 808000
1695675216747 2.0 812000
1695675241494 2.0 816000
1695675266186 2.0 820000
1695675290899 2.0 824000
1695675315128 2.0 828000
1695675339977 2.0 832000
1695675364454 2.0 836000
1695675388727 2.0 840000
1695675415112 2.0 844000
1695675440328 2.0 848000
1695675465761 2.0 852000
1695675490938 2.0 856000
1695675516145 2.0 860000
1695675541878 2.0 864000
1695675568611 2.0 868000
1695675595621 2.0 872000
1695675622773 2.0 876000
1695675647771 2.0 880000
1695675672224 2.0 884000
1695675696711 2.0 888000
1695675721309 2.0 892000
1695675745734 2.0 896000
1695675769882 2.0 900000
1695675793563 2.0 904000
1695675817568 2.0 908000
1695675841525 2.0 912000
1695675865707 2.0 916000
