1695672410755 0.0 364000
1695672434661 0.0 368000
1695672460168 0.0 372000
1695672484867 0.0 376000
1695672510168 0.0 380000
1695672535509 0.0 384000
1695672561438 0.0 388000
1695672587181 0.0 392000
1695672613156 0.0 396000
1695672638783 0.0 400000
1695672664316 0.0 404000
1695672689769 0.0 408000
1695672716178 0.0 412000
1695672741025 0.0 416000
1695672764799 0.0 420000
1695672788749 0.0 424000
1695672812706 0.0 428000
1695672836745 0.0 432000
1695672860561 0.0 436000
1695672884353 0.0 440000
1695672908404 0.0 444000
1695672932491 0.0 448000
1695672956299 0.0 452000
1695672980224 0.0 456000
1695673004200 0.0 460000
1695673027731 0.0 464000
1695673052142 0.0 468000
1695673078193 0.0 472000
1695673103101 0.0 476000
1695673127978 0.0 480000
1695673152877 0.0 484000
1695673177701 0.0 488000
1695673202429 0.0 492000
1695673229136 0.0 496000
1695673257723 0.0 500000
1695673285300 0.0 504000
1695673312414 0.0 508000
1695673340429 0.0 512000
1695673365717 0.0 516000
1695673391364 0.0 520000
1695673415941 0.0 524000
1695673440117 0.0 528000
1695673464171 0.0 532000
1695673488182 0.0 536000
1695673512086 0.0 540000
1695673536227 0.0 544000
1695673560683 0.0 548000
1695673585619 0.0 552000
1695673610195 0.0 556000
1695673635040 0.0 560000
1695673659696 0.0 564000
1695673684243 0.0 568000
1695673708629 0.0 572000
1695673732869 0.0 576000
1695673757759 0.0 580000
1695673782376 0.0 584000
1695673807523 0.0 588000
1695673832056 0.0 592000
1695673856212 0.0 596000
1695673880531 0.0 600000
1695673904920 0.0 604000
1695673929404 0.0 608000
1695673953760 0.0 612000
1695673978549 0.0 616000
1695674003093 0.0 620000
1695674027403 0.0 624000
1695674051567 0.0 628000
1695674076405 0.0 632000
1695674101575 0.0 636000
1695674127698 0.0 640000
1695674152663 0.0 644000
1695674178856 0.0 648000
1695674203240 0.0 652000
1695674227534 0.0 656000
1695674253911 0.0 660000
1695674280079 0.0 664000
1695674308011 0.0 668000
1695674339494 0.0 672000
1695674364698 0.0 676000
1695674389695 0.0 680000
1695674416016 0.0 684000
1695674441552 0.0 688000
1695674466261 0.0 692000
1695674490573 0.0 696000
1695674514902 0.0 700000
1695674539962 0.0 704000
1695674564780 0.0 708000
1695674591011 0.0 712000
1695674616431 0.0 716000
1695674640699 0.0 720000
1695674664611 0.0 724000
1695674689493 0.0 728000
1695674715337 0.0 732000
1695674741322 0.0 736000
1695674765378 0.0 740000
1695674789580 0.0 744000
1695674814005 0.0 748000
1695674838256 0.0 752000
1695674862738 0.0 756000
1695674887068 0.0 760000
1695674912694 0.0 764000
1695674937797 0.0 768000
1695674962020 0.0 772000
1695674986083 0.0 776000
1695675010442 0.0 780000
1695675034647 0.0 784000
1695675058933 0.0 788000
1695675084012 0.0 792000
1695675109914 0.0 796000
1695675135617 0.0 800000
1695675165003 0.0 804000
1695675190872 0.0 808000
1695675216748 0.0 812000
1695675241494 0.0 816000
1695675266186 0.0 820000
1695675290899 0.0 824000
1695675315129 0.0 828000
1695675339977 0.0 832000
1695675364454 0.0 836000
1695675388727 0.0 840000
1695675415112 0.0 844000
1695675440329 0.0 848000
1695675465761 0.0 852000
1695675490938 0.0 856000
1695675516145 0.0 860000
1695675541878 0.0 864000
1695675568612 0.0 868000
1695675595622 0.0 872000
1695675622773 0.0 876000
1695675647771 0.0 880000
1695675672224 0.0 884000
1695675696711 0.0 888000
1695675721309 0.0 892000
1695675745734 0.0 896000
1695675769882 0.0 900000
1695675793563 0.0 904000
1695675817568 0.0 908000
1695675841525 0.0 912000
1695675865708 0.0 916000
