1695672410728 364000.0 364000
1695672434632 368000.0 368000
1695672460140 372000.0 372000
1695672484838 376000.0 376000
1695672510140 380000.0 380000
1695672535478 384000.0 384000
1695672561411 388000.0 388000
1695672587155 392000.0 392000
1695672613129 396000.0 396000
1695672638756 400000.0 400000
1695672664288 404000.0 404000
1695672689743 408000.0 408000
1695672716150 412000.0 412000
1695672740996 416000.0 416000
1695672764772 420000.0 420000
1695672788723 424000.0 424000
1695672812679 428000.0 428000
1695672836719 432000.0 432000
1695672860535 436000.0 436000
1695672884327 440000.0 440000
1695672908377 444000.0 444000
1695672932464 448000.0 448000
1695672956272 452000.0 452000
1695672980197 456000.0 456000
1695673004173 460000.0 460000
1695673027704 464000.0 464000
1695673052115 468000.0 468000
1695673078165 472000.0 472000
1695673103074 476000.0 476000
1695673127950 480000.0 480000
1695673152851 484000.0 484000
1695673177675 488000.0 488000
1695673202400 492000.0 492000
1695673229106 496000.0 496000
1695673257696 500000.0 500000
1695673285272 504000.0 504000
1695673312386 508000.0 508000
1695673340401 512000.0 512000
1695673365691 516000.0 516000
1695673391337 520000.0 520000
1695673415913 524000.0 524000
1695673440090 528000.0 528000
1695673464145 532000.0 532000
1695673488155 536000.0 536000
1695673512059 540000.0 540000
1695673536200 544000.0 544000
1695673560656 548000.0 548000
1695673585592 552000.0 552000
1695673610167 556000.0 556000
1695673635013 560000.0 560000
1695673659669 564000.0 564000
1695673684217 568000.0 568000
1695673708602 572000.0 572000
1695673732842 576000.0 576000
1695673757732 580000.0 580000
1695673782349 584000.0 584000
1695673807496 588000.0 588000
1695673832029 592000.0 592000
1695673856186 596000.0 596000
1695673880504 600000.0 600000
1695673904893 604000.0 604000
1695673929377 608000.0 608000
1695673953731 612000.0 612000
1695673978523 616000.0 616000
1695674003067 620000.0 620000
1695674027376 624000.0 624000
1695674051540 628000.0 628000
1695674076378 632000.0 632000
1695674101547 636000.0 636000
1695674127671 640000.0 640000
1695674152636 644000.0 644000
1695674178829 648000.0 648000
1695674203213 652000.0 652000
1695674227508 656000.0 656000
1695674253883 660000.0 660000
1695674280051 664000.0 664000
1695674307979 668000.0 668000
1695674339467 672000.0 672000
1695674364671 676000.0 676000
1695674389667 680000.0 680000
1695674415989 684000.0 684000
1695674441526 688000.0 688000
1695674466234 692000.0 692000
1695674490546 696000.0 696000
1695674514875 700000.0 700000
1695674539935 704000.0 704000
1695674564753 708000.0 708000
1695674590983 712000.0 712000
1695674616405 716000.0 716000
1695674640672 720000.0 720000
1695674664585 724000.0 724000
1695674689465 728000.0 728000
1695674715309 732000.0 732000
1695674741295 736000.0 736000
1695674765351 740000.0 740000
1695674789554 744000.0 744000
1695674813978 748000.0 748000
1695674838229 752000.0 752000
1695674862711 756000.0 756000
1695674887040 760000.0 760000
1695674912667 764000.0 764000
1695674937770 768000.0 768000
1695674961993 772000.0 772000
1695674986057 776000.0 776000
1695675010415 780000.0 780000
1695675034620 784000.0 784000
1695675058906 788000.0 788000
1695675083985 792000.0 792000
1695675109886 796000.0 796000
1695675135583 800000.0 800000
1695675164976 804000.0 804000
1695675190846 808000.0 808000
1695675216721 812000.0 812000
1695675241467 816000.0 816000
1695675266159 820000.0 820000
1695675290873 824000.0 824000
1695675315101 828000.0 828000
1695675339949 832000.0 832000
1695675364426 836000.0 836000
1695675388701 840000.0 840000
1695675415085 844000.0 844000
1695675440302 848000.0 848000
1695675465735 852000.0 852000
1695675490912 856000.0 856000
1695675516119 860000.0 860000
1695675541851 864000.0 864000
1695675568584 868000.0 868000
1695675595594 872000.0 872000
1695675622746 876000.0 876000
1695675647744 880000.0 880000
1695675672197 884000.0 884000
1695675696684 888000.0 888000
1695675721281 892000.0 892000
1695675745706 896000.0 896000
1695675769855 900000.0 900000
1695675793536 904000.0 904000
1695675817541 908000.0 908000
1695675841498 912000.0 912000
1695675865681 916000.0 916000
