1695672410724 1.4898832720588235 364000
1695672434628 1.4487109375000002 368000
1695672460137 1.4487109375000002 372000
1695672484835 1.245470074765391 376000
1695672510137 1.2000103695451754 380000
1695672535475 1.1955045620626685 384000
1695672561407 1.1812051867148519 388000
1695672587152 1.1567877266609234 392000
1695672613126 1.1617259189987486 396000
1695672638753 1.1557262370289112 400000
1695672664285 1.1797872892852346 404000
1695672689740 1.3047436670126473 408000
1695672716147 1.347728568140809 412000
1695672740993 1.3960748181408094 416000
1695672764769 1.4042721203971325 420000
1695672788720 1.4256203027752943 424000
1695672812676 1.3974419641471323 428000
1695672836716 1.4237001465252943 432000
1695672860532 1.4249535176375085 436000
1695672884323 1.4117591426375091 440000
1695672908374 1.413843418765671 444000
1695672932461 1.4409329589497142 448000
1695672956268 1.4642881725778756 452000
1695672980194 1.4556383732947784 456000
1695673004170 1.4582440556729401 460000
1695673027701 1.4424599516792642 464000
1695673052112 1.439183331801103 468000
1695673078162 1.4137775017525005 472000
1695673103071 1.4292923275588236 476000
1695673127947 1.4467635006078678 480000
1695673152848 1.4467635006078678 484000
1695673177671 1.4354887562486764 488000
1695673202397 1.4206935841141897 492000
1695673229102 1.42855217786419 496000
1695673257693 1.4343786890569112 500000
1695673285269 1.444595792531617 504000
1695673312382 1.4630172090252942 508000
1695673340398 1.5035524992093474 512000
1695673365688 1.5033403117093471 516000
1695673391334 1.562762999728317 520000
1695673415910 1.5293059595442549 524000
1695673440087 1.4684961670126468 528000
1695673464141 1.4586433960063239 532000
1695673488151 1.4601741931407994 536000
1695673512056 1.4759612479408089 540000
1695673536197 1.4370192232885186 544000
1695673560653 1.4644389574945682 548000
1695673585589 1.4448308923132218 552000
1695673610164 1.4322546745289118 556000
1695673635010 1.4611577948384888 560000
1695673659666 1.4591924259466997 564000
1695673684214 1.5098819462034556 568000
1695673708599 1.4182298757366294 572000
1695673732839 1.5133927543311747 576000
1695673757729 1.4983628098859991 580000
1695673782346 1.5268963980683088 584000
1695673807492 1.509229408997706 588000
1695673832026 1.4573211565213293 592000
1695673856183 1.4828920852667973 596000
1695673880501 1.526544484804728 600000
1695673904890 1.4825321913116898 604000
1695673929374 1.4943883643607347 608000
1695673953728 1.5481668725452196 612000
1695673978520 1.5197854984597794 616000
1695674003063 1.470142812104411 620000
1695674027373 1.4342165723480877 624000
1695674051537 1.423859498690377 628000
1695674076375 1.4594145845911257 632000
1695674101544 1.5989639694549447 636000
1695674127668 1.5198651708248518 640000
1695674152633 1.5345443403811854 644000
1695674178825 1.58914954798869 648000
1695674203210 1.4961589977915581 652000
1695674227505 1.521337939088031 656000
1695674253880 1.50725858219669 660000
1695674280048 1.5131627982192877 664000
1695674307975 1.5417550259027903 668000
1695674339464 1.4654348466633969 672000
1695674364668 1.5130408235978814 676000
1695674389664 1.5107557580352347 680000
1695674415986 1.5161808508706656 684000
1695674441522 1.4991367048643516 688000
1695674466230 1.505011747705816 692000
1695674490542 1.4786721134057434 696000
1695674514872 1.557011696472267 700000
1695674539932 1.4871566288122147 704000
1695674564750 1.4641835469507491 708000
1695674590980 1.439319822422996 712000
1695674616401 1.4864110655626472 716000
1695674640669 1.545644291326592 720000
1695674664582 1.5099302850279939 724000
1695674689462 1.568788339855985 728000
1695674715306 1.5899028456414248 732000
1695674741292 1.531030689361825 736000
1695674765348 1.5115822235494152 740000
1695674789550 1.5485632607746276 744000
1695674813975 1.5665190761481351 748000
1695674838226 1.6043484892196906 752000
1695674862708 1.5252111746691568 756000
1695674887037 1.5356824470097632 760000
1695674912664 1.539772088561151 764000
1695674937767 1.564622230259222 768000
1695674961990 1.555936485759597 772000
1695674986053 1.5334826538092896 776000
1695675010412 1.5288666956328634 780000
1695675034617 1.5173910064116805 784000
1695675058903 1.5729762310864057 788000
1695675083982 1.5528222225954527 792000
1695675109883 1.539448797065141 796000
1695675135579 1.5889928748886746 800000
1695675164973 1.5777585976785713 804000
1695675190842 1.581451390380895 808000
1695675216718 1.5980493812616725 812000
1695675241464 1.5573284908471805 816000
1695675266156 1.5410312485122541 820000
1695675290869 1.5321454266497043 824000
1695675315098 1.5295220226739434 828000
1695675339946 1.534365267177035 832000
1695675364422 1.542773109813721 836000
1695675388697 1.5707343905259354 840000
1695675415082 1.5383099699346627 844000
1695675440299 1.59013996123401 848000
1695675465732 1.5776820169212686 852000
1695675490909 1.525241611796684 856000
1695675516116 1.5201517278547712 860000
1695675541847 1.5467378342482074 864000
1695675568581 1.5415607247370298 868000
1695675595591 1.5466192170996522 872000
1695675622743 1.6039327893002988 876000
1695675647740 1.563026711795371 880000
1695675672194 1.5595661376401428 884000
1695675696681 1.5379019111977597 888000
1695675721278 1.5659830952338876 892000
1695675745703 1.57706864107045 896000
1695675769852 1.547748694225611 900000
1695675793533 1.5093773314471324 904000
1695675817537 1.4538805021480783 908000
1695675841495 1.4963071525627005 912000
1695675865678 1.569905462548813 916000
