1695672410751 0.0 364000
1695672434656 0.0 368000
1695672460164 0.0 372000
1695672484863 0.0 376000
1695672510164 0.0 380000
1695672535504 0.0 384000
1695672561434 0.0 388000
1695672587177 0.0 392000
1695672613152 0.0 396000
1695672638779 0.0 400000
1695672664311 0.0 404000
1695672689765 0.0 408000
1695672716174 0.0 412000
1695672741021 0.0 416000
1695672764795 0.0 420000
1695672788745 0.0 424000
1695672812702 0.0 428000
1695672836741 0.0 432000
1695672860557 0.0 436000
1695672884349 0.0 440000
1695672908400 0.0 444000
1695672932487 0.0 448000
1695672956295 0.0 452000
1695672980220 0.0 456000
1695673004196 0.0 460000
1695673027727 0.0 464000
1695673052137 0.0 468000
1695673078189 0.0 472000
1695673103097 0.0 476000
1695673127974 0.0 480000
1695673152873 0.0 484000
1695673177697 0.0 488000
1695673202424 0.0 492000
1695673229131 0.0 496000
1695673257719 0.0 500000
1695673285296 0.0 504000
1695673312409 0.0 508000
1695673340425 0.0 512000
1695673365713 0.0 516000
1695673391360 0.0 520000
1695673415937 0.0 524000
1695673440113 0.0 528000
1695673464167 0.0 532000
1695673488178 0.0 536000
1695673512082 0.0 540000
1695673536223 0.0 544000
1695673560679 0.0 548000
1695673585615 0.0 552000
1695673610190 0.0 556000
1695673635036 0.0 560000
1695673659692 0.0 564000
1695673684239 0.0 568000
1695673708625 0.0 572000
1695673732865 0.0 576000
1695673757755 0.0 580000
1695673782372 0.0 584000
1695673807519 0.0 588000
1695673832052 0.0 592000
1695673856208 0.0 596000
1695673880527 0.0 600000
1695673904915 0.0 604000
1695673929400 0.0 608000
1695673953756 0.0 612000
1695673978545 0.0 616000
1695674003089 0.0 620000
1695674027399 0.0 624000
1695674051563 0.0 628000
1695674076401 0.0 632000
1695674101571 0.0 636000
1695674127694 0.0 640000
1695674152659 0.0 644000
1695674178851 0.0 648000
1695674203236 0.0 652000
1695674227530 0.0 656000
1695674253906 0.0 660000
1695674280075 0.0 664000
1695674308006 0.0 668000
1695674339490 0.0 672000
1695674364694 0.0 676000
1695674389691 0.0 680000
1695674416012 0.0 684000
1695674441548 0.0 688000
1695674466257 0.0 692000
1695674490569 0.0 696000
1695674514898 0.0 700000
1695674539958 0.0 704000
1695674564776 0.0 708000
1695674591006 0.0 712000
1695674616427 0.0 716000
1695674640695 0.0 720000
1695674664607 0.0 724000
1695674689488 0.0 728000
1695674715333 0.0 732000
1695674741317 0.0 736000
1695674765374 0.0 740000
1695674789576 0.0 744000
1695674814001 0.0 748000
1695674838252 0.0 752000
1695674862733 0.0 756000
1695674887063 0.0 760000
1695674912690 0.0 764000
1695674937793 0.0 768000
1695674962016 0.0 772000
1695674986079 0.0 776000
1695675010438 0.0 780000
1695675034643 0.0 784000
1695675058928 0.0 788000
1695675084008 0.0 792000
1695675109909 0.0 796000
1695675135613 0.0 800000
1695675164999 0.0 804000
1695675190868 0.0 808000
1695675216743 0.0 812000
1695675241490 0.0 816000
1695675266182 0.0 820000
1695675290895 0.0 824000
1695675315124 0.0 828000
1695675339973 0.0 832000
1695675364450 0.0 836000
1695675388723 0.0 840000
1695675415108 0.0 844000
1695675440325 0.0 848000
1695675465758 0.0 852000
1695675490934 0.0 856000
1695675516142 0.0 860000
1695675541874 0.0 864000
1695675568607 0.0 868000
1695675595617 0.0 872000
1695675622769 0.0 876000
1695675647767 0.0 880000
1695675672220 0.0 884000
1695675696707 0.0 888000
1695675721305 0.0 892000
1695675745729 0.0 896000
1695675769878 0.0 900000
1695675793559 0.0 904000
1695675817564 0.0 908000
1695675841521 0.0 912000
1695675865704 0.0 916000
