1695672410752 0.0 364000
1695672434658 0.0 368000
1695672460165 0.0 372000
1695672484864 0.0 376000
1695672510165 0.0 380000
1695672535506 0.0 384000
1695672561435 0.0 388000
1695672587178 0.0 392000
1695672613153 0.0 396000
1695672638781 0.0 400000
1695672664313 0.0 404000
1695672689767 0.0 408000
1695672716175 0.0 412000
1695672741022 0.0 416000
1695672764796 0.0 420000
1695672788747 0.0 424000
1695672812703 0.0 428000
1695672836742 0.0 432000
1695672860558 0.0 436000
1695672884350 0.0 440000
1695672908402 0.0 444000
1695672932488 0.0 448000
1695672956296 0.0 452000
1695672980222 0.0 456000
1695673004197 0.0 460000
1695673027728 0.0 464000
1695673052139 0.0 468000
1695673078190 0.0 472000
1695673103098 0.0 476000
1695673127975 0.0 480000
1695673152875 0.0 484000
1695673177698 0.0 488000
1695673202426 0.0 492000
1695673229132 0.0 496000
1695673257721 0.0 500000
1695673285297 0.0 504000
1695673312411 0.0 508000
1695673340426 0.0 512000
1695673365715 0.0 516000
1695673391362 0.0 520000
1695673415938 0.0 524000
1695673440114 0.0 528000
1695673464169 0.0 532000
1695673488179 0.0 536000
1695673512083 0.0 540000
1695673536225 0.0 544000
1695673560680 0.0 548000
1695673585616 0.0 552000
1695673610192 0.0 556000
1695673635038 0.0 560000
1695673659693 0.0 564000
1695673684241 0.0 568000
1695673708627 0.0 572000
1695673732866 0.0 576000
1695673757756 0.0 580000
1695673782374 0.0 584000
1695673807521 0.0 588000
1695673832054 0.0 592000
1695673856210 0.0 596000
1695673880528 0.0 600000
1695673904917 0.0 604000
1695673929401 0.0 608000
1695673953757 0.0 612000
1695673978547 0.0 616000
1695674003090 0.0 620000
1695674027401 0.0 624000
1695674051564 0.0 628000
1695674076402 0.0 632000
1695674101572 0.0 636000
1695674127695 0.0 640000
1695674152660 0.0 644000
1695674178853 0.0 648000
1695674203237 0.0 652000
1695674227532 0.0 656000
1695674253908 0.0 660000
1695674280077 0.0 664000
1695674308008 0.0 668000
1695674339492 0.0 672000
1695674364695 0.0 676000
1695674389692 0.0 680000
1695674416013 0.0 684000
1695674441549 0.0 688000
1695674466258 0.0 692000
1695674490570 0.0 696000
1695674514899 0.0 700000
1695674539960 0.0 704000
1695674564778 0.0 708000
1695674591008 0.0 712000
1695674616429 0.0 716000
1695674640696 0.0 720000
1695674664608 0.0 724000
1695674689490 0.0 728000
1695674715335 0.0 732000
1695674741319 0.0 736000
1695674765376 0.0 740000
1695674789578 0.0 744000
1695674814003 0.0 748000
1695674838253 0.0 752000
1695674862735 0.0 756000
1695674887065 0.0 760000
1695674912691 0.0 764000
1695674937794 0.0 768000
1695674962017 0.0 772000
1695674986080 0.0 776000
1695675010439 0.0 780000
1695675034644 0.0 784000
1695675058930 0.0 788000
1695675084010 0.0 792000
1695675109911 0.0 796000
1695675135614 0.0 800000
1695675165000 0.0 804000
1695675190869 0.0 808000
1695675216745 0.0 812000
1695675241491 0.0 816000
1695675266183 0.0 820000
1695675290896 0.0 824000
1695675315126 0.0 828000
1695675339974 0.0 832000
1695675364451 0.0 836000
1695675388725 0.0 840000
1695675415110 0.0 844000
1695675440326 0.0 848000
1695675465759 0.0 852000
1695675490936 0.0 856000
1695675516143 0.0 860000
1695675541875 0.0 864000
1695675568609 0.0 868000
1695675595619 0.0 872000
1695675622771 0.0 876000
1695675647768 0.0 880000
1695675672221 0.0 884000
1695675696709 0.0 888000
1695675721306 0.0 892000
1695675745731 0.0 896000
1695675769880 0.0 900000
1695675793561 0.0 904000
1695675817565 0.0 908000
1695675841522 0.0 912000
1695675865705 0.0 916000
