1695672410756 8.0 364000
1695672434661 8.0 368000
1695672460169 8.0 372000
1695672484868 8.0 376000
1695672510168 8.0 380000
1695672535509 8.0 384000
1695672561438 8.0 388000
1695672587181 8.0 392000
1695672613157 8.0 396000
1695672638784 8.0 400000
1695672664316 8.0 404000
1695672689769 8.0 408000
1695672716178 8.0 412000
1695672741025 8.0 416000
1695672764799 8.0 420000
1695672788750 8.0 424000
1695672812706 8.0 428000
1695672836745 8.0 432000
1695672860561 8.0 436000
1695672884353 8.0 440000
1695672908405 8.0 444000
1695672932491 8.0 448000
1695672956299 8.0 452000
1695672980225 8.0 456000
1695673004200 8.0 460000
1695673027731 8.0 464000
1695673052142 8.0 468000
1695673078193 8.0 472000
1695673103101 8.0 476000
1695673127979 8.0 480000
1695673152878 8.0 484000
1695673177701 8.0 488000
1695673202429 8.0 492000
1695673229136 8.0 496000
1695673257724 8.0 500000
1695673285300 8.0 504000
1695673312414 8.0 508000
1695673340429 8.0 512000
1695673365718 8.0 516000
1695673391365 8.0 520000
1695673415941 8.0 524000
1695673440117 8.0 528000
1695673464172 8.0 532000
1695673488182 8.0 536000
1695673512086 8.0 540000
1695673536228 8.0 544000
1695673560683 8.0 548000
1695673585620 8.0 552000
1695673610195 8.0 556000
1695673635041 8.0 560000
1695673659696 8.0 564000
1695673684244 8.0 568000
1695673708630 8.0 572000
1695673732869 8.0 576000
1695673757759 8.0 580000
1695673782377 8.0 584000
1695673807524 8.0 588000
1695673832057 8.0 592000
1695673856213 8.0 596000
1695673880531 8.0 600000
1695673904920 8.0 604000
1695673929404 8.0 608000
1695673953760 8.0 612000
1695673978550 8.0 616000
1695674003093 8.0 620000
1695674027404 8.0 624000
1695674051567 8.0 628000
1695674076405 8.0 632000
1695674101575 8.0 636000
1695674127698 8.0 640000
1695674152663 8.0 644000
1695674178856 8.0 648000
1695674203240 8.0 652000
1695674227535 8.0 656000
1695674253911 8.0 660000
1695674280080 8.0 664000
1695674308011 8.0 668000
1695674339495 8.0 672000
1695674364699 8.0 676000
1695674389696 8.0 680000
1695674416016 8.0 684000
1695674441553 8.0 688000
1695674466261 8.0 692000
1695674490573 8.0 696000
1695674514902 8.0 700000
1695674539963 8.0 704000
1695674564781 8.0 708000
1695674591011 8.0 712000
1695674616432 8.0 716000
1695674640700 8.0 720000
1695674664611 8.0 724000
1695674689493 8.0 728000
1695674715338 8.0 732000
1695674741322 8.0 736000
1695674765379 8.0 740000
1695674789581 8.0 744000
1695674814006 8.0 748000
1695674838256 8.0 752000
1695674862738 8.0 756000
1695674887068 8.0 760000
1695674912695 8.0 764000
1695674937797 8.0 768000
1695674962020 8.0 772000
1695674986083 8.0 776000
1695675010442 8.0 780000
1695675034647 8.0 784000
1695675058933 8.0 788000
1695675084013 8.0 792000
1695675109915 8.0 796000
1695675135618 8.0 800000
1695675165003 8.0 804000
1695675190872 8.0 808000
1695675216748 8.0 812000
1695675241494 8.0 816000
1695675266186 8.0 820000
1695675290899 8.0 824000
1695675315129 8.0 828000
1695675339977 8.0 832000
1695675364455 8.0 836000
1695675388728 8.0 840000
1695675415113 8.0 844000
1695675440329 8.0 848000
1695675465762 8.0 852000
1695675490939 8.0 856000
1695675516146 8.0 860000
1695675541878 8.0 864000
1695675568612 8.0 868000
1695675595622 8.0 872000
1695675622774 8.0 876000
1695675647771 8.0 880000
1695675672224 8.0 884000
1695675696712 8.0 888000
1695675721309 8.0 892000
1695675745734 8.0 896000
1695675769883 8.0 900000
1695675793564 8.0 904000
1695675817568 8.0 908000
1695675841525 8.0 912000
1695675865708 8.0 916000
